ID	lgth	out	in	long_cov	short1_cov	short1_Ocov	short2_cov	short2_Ocov	long_nb	short1_nb	short2_nb
1	170	1	2	0.000000	13.623529	12.517647	0.000000	0.000000	0	0	0
2	2	1	2	0.000000	30.000000	30.000000	0.000000	0.000000	0	0	0
3	1	4	5	0.000000	592.000000	592.000000	0.000000	0.000000	0	0	0
4	1	1	1	0.000000	12.000000	12.000000	0.000000	0.000000	0	0	0
5	21	1	1	0.000000	16.476190	10.333333	0.000000	0.000000	0	0	0
6	6	2	3	0.000000	43.333333	42.333333	0.000000	0.000000	0	0	0
7	4	1	1	0.000000	42.250000	42.250000	0.000000	0.000000	0	0	0
8	1	1	2	0.000000	110.000000	110.000000	0.000000	0.000000	0	0	0
9	1	1	3	0.000000	127.000000	125.000000	0.000000	0.000000	0	0	0
10	1	1	2	0.000000	131.000000	127.000000	0.000000	0.000000	0	0	0
11	1	1	3	0.000000	134.000000	130.000000	0.000000	0.000000	0	0	0
12	1	1	2	0.000000	168.000000	154.000000	0.000000	0.000000	0	0	0
13	1	1	2	0.000000	167.000000	152.000000	0.000000	0.000000	0	0	0
14	1	1	2	0.000000	169.000000	152.000000	0.000000	0.000000	0	0	0
15	1	2	2	0.000000	171.000000	153.000000	0.000000	0.000000	0	0	0
16	2	1	2	0.000000	171.500000	152.500000	0.000000	0.000000	0	0	0
17	2	2	2	0.000000	176.500000	157.500000	0.000000	0.000000	0	0	0
18	1	2	1	0.000000	196.000000	126.000000	0.000000	0.000000	0	0	0
19	1	4	1	0.000000	225.000000	122.000000	0.000000	0.000000	0	0	0
20	1	1	2	0.000000	173.000000	122.000000	0.000000	0.000000	0	0	0
21	5	3	2	0.000000	186.000000	116.000000	0.000000	0.000000	0	0	0
22	2	2	1	0.000000	181.000000	106.500000	0.000000	0.000000	0	0	0
23	3	2	1	0.000000	10.333333	6.666667	0.000000	0.000000	0	0	0
24	7	2	1	0.000000	2.000000	2.000000	0.000000	0.000000	0	0	0
25	10	1	1	0.000000	1.000000	1.000000	0.000000	0.000000	0	0	0
26	1	1	2	0.000000	2.000000	2.000000	0.000000	0.000000	0	0	0
27	21	1	1	0.000000	12.476190	11.952381	0.000000	0.000000	0	0	0
28	12	1	1	0.000000	27.250000	25.750000	0.000000	0.000000	0	0	0
29	14	2	2	0.000000	26.000000	24.571429	0.000000	0.000000	0	0	0
30	21	1	1	0.000000	23.000000	11.571429	0.000000	0.000000	0	0	0
31	413	2	2	0.000000	14.978208	13.314770	0.000000	0.000000	0	0	0
32	25	1	1	0.000000	25.080000	22.800000	0.000000	0.000000	0	0	0
33	4	2	2	0.000000	34.750000	32.500000	0.000000	0.000000	0	0	0
34	2	1	1	0.000000	24.000000	21.500000	0.000000	0.000000	0	0	0
35	4	1	2	0.000000	40.250000	37.250000	0.000000	0.000000	0	0	0
36	2	1	2	0.000000	50.500000	47.500000	0.000000	0.000000	0	0	0
37	1	1	2	0.000000	65.000000	49.000000	0.000000	0.000000	0	0	0
38	2	2	2	0.000000	67.500000	50.500000	0.000000	0.000000	0	0	0
39	1	2	1	0.000000	37.000000	35.000000	0.000000	0.000000	0	0	0
40	64	1	1	0.000000	19.343750	18.312500	0.000000	0.000000	0	0	0
41	862	2	2	0.000000	14.058005	12.168213	0.000000	0.000000	0	0	0
42	1	2	1	0.000000	116.000000	54.000000	0.000000	0.000000	0	0	0
43	2	2	1	0.000000	111.000000	53.000000	0.000000	0.000000	0	0	0
44	2	2	1	0.000000	109.000000	51.500000	0.000000	0.000000	0	0	0
45	1	1	1	0.000000	108.000000	87.000000	0.000000	0.000000	0	0	0
46	2	2	2	0.000000	110.000000	90.500000	0.000000	0.000000	0	0	0
47	3	1	1	0.000000	111.000000	91.666667	0.000000	0.000000	0	0	0
48	2	1	2	0.000000	112.000000	95.000000	0.000000	0.000000	0	0	0
49	2	1	2	0.000000	114.500000	112.500000	0.000000	0.000000	0	0	0
50	1	3	2	0.000000	117.000000	115.000000	0.000000	0.000000	0	0	0
51	2	1	1	0.000000	114.000000	112.500000	0.000000	0.000000	0	0	0
52	1	2	3	0.000000	132.000000	130.000000	0.000000	0.000000	0	0	0
53	3	1	1	0.000000	128.666667	126.666667	0.000000	0.000000	0	0	0
54	1	3	2	0.000000	128.000000	126.000000	0.000000	0.000000	0	0	0
55	1	4	1	0.000000	123.000000	121.000000	0.000000	0.000000	0	0	0
56	2	1	2	0.000000	106.000000	106.000000	0.000000	0.000000	0	0	0
57	3	2	2	0.000000	106.000000	105.333333	0.000000	0.000000	0	0	0
58	8	1	1	0.000000	40.875000	39.875000	0.000000	0.000000	0	0	0
59	3	1	2	0.000000	46.666667	44.666667	0.000000	0.000000	0	0	0
60	2	2	2	0.000000	50.500000	48.500000	0.000000	0.000000	0	0	0
61	1	1	1	0.000000	50.000000	48.000000	0.000000	0.000000	0	0	0
62	2	1	2	0.000000	62.000000	57.000000	0.000000	0.000000	0	0	0
63	3	1	2	0.000000	63.333333	57.666667	0.000000	0.000000	0	0	0
64	89	1	2	0.000000	14.393258	12.033708	0.000000	0.000000	0	0	0
65	15	2	2	0.000000	23.533333	21.266667	0.000000	0.000000	0	0	0
66	8	2	1	0.000000	23.875000	22.250000	0.000000	0.000000	0	0	0
67	7	2	1	0.000000	22.428571	22.428571	0.000000	0.000000	0	0	0
68	8	1	1	0.000000	19.125000	18.500000	0.000000	0.000000	0	0	0
69	6	1	2	0.000000	19.333333	17.333333	0.000000	0.000000	0	0	0
70	7	1	2	0.000000	21.428571	19.428571	0.000000	0.000000	0	0	0
71	20	2	2	0.000000	22.000000	21.450000	0.000000	0.000000	0	0	0
72	395	1	2	0.000000	16.022785	14.002532	0.000000	0.000000	0	0	0
73	6	1	1	0.000000	21.500000	20.000000	0.000000	0.000000	0	0	0
74	3	2	2	0.000000	23.333333	22.333333	0.000000	0.000000	0	0	0
75	2	1	3	0.000000	183.000000	161.000000	0.000000	0.000000	0	0	0
76	1	1	2	0.000000	182.000000	157.000000	0.000000	0.000000	0	0	0
77	1	1	3	0.000000	205.000000	179.000000	0.000000	0.000000	0	0	0
78	1	1	2	0.000000	208.000000	182.000000	0.000000	0.000000	0	0	0
79	2	2	2	0.000000	205.000000	178.500000	0.000000	0.000000	0	0	0
80	3	1	2	0.000000	214.333333	187.333333	0.000000	0.000000	0	0	0
81	7	1	2	0.000000	213.714286	186.142857	0.000000	0.000000	0	0	0
82	12	1	1	0.000000	1.000000	1.000000	0.000000	0.000000	0	0	0
83	1	3	2	0.000000	132.000000	72.000000	0.000000	0.000000	0	0	0
84	1	1	1	0.000000	106.000000	46.000000	0.000000	0.000000	0	0	0
85	1	1	2	0.000000	106.000000	60.000000	0.000000	0.000000	0	0	0
86	2	2	2	0.000000	24.000000	23.000000	0.000000	0.000000	0	0	0
87	1	2	1	0.000000	25.000000	24.000000	0.000000	0.000000	0	0	0
88	5	2	1	0.000000	12.200000	12.200000	0.000000	0.000000	0	0	0
89	1	1	1	0.000000	11.000000	11.000000	0.000000	0.000000	0	0	0
90	3	2	3	0.000000	59.000000	58.000000	0.000000	0.000000	0	0	0
91	3	2	2	0.000000	61.666667	55.000000	0.000000	0.000000	0	0	0
92	3	1	1	0.000000	46.666667	23.333333	0.000000	0.000000	0	0	0
93	6	1	2	0.000000	49.166667	22.833333	0.000000	0.000000	0	0	0
94	1	3	3	0.000000	65.000000	26.000000	0.000000	0.000000	0	0	0
95	4	1	1	0.000000	15.500000	14.250000	0.000000	0.000000	0	0	0
96	732	2	2	0.000000	17.863388	15.913934	0.000000	0.000000	0	0	0
97	21	1	1	0.000000	15.666667	13.619048	0.000000	0.000000	0	0	0
98	43	2	2	0.000000	12.139535	9.000000	0.000000	0.000000	0	0	0
99	687	2	1	0.000000	16.793304	14.695779	0.000000	0.000000	0	0	0
100	1215	2	2	0.000000	15.662551	13.922634	0.000000	0.000000	0	0	0
101	7	2	1	0.000000	24.714286	24.285714	0.000000	0.000000	0	0	0
102	1	2	1	0.000000	24.000000	24.000000	0.000000	0.000000	0	0	0
103	13	1	1	0.000000	20.692308	19.538462	0.000000	0.000000	0	0	0
104	7	1	2	0.000000	18.285714	16.714286	0.000000	0.000000	0	0	0
105	1	1	2	0.000000	18.000000	16.000000	0.000000	0.000000	0	0	0
106	42	2	2	0.000000	20.476190	19.547619	0.000000	0.000000	0	0	0
107	2	2	1	0.000000	20.000000	20.000000	0.000000	0.000000	0	0	0
108	1	2	1	0.000000	19.000000	19.000000	0.000000	0.000000	0	0	0
109	154	2	1	0.000000	14.571429	12.681818	0.000000	0.000000	0	0	0
110	10	1	1	0.000000	19.400000	16.800000	0.000000	0.000000	0	0	0
111	769	2	2	0.000000	13.626788	12.237971	0.000000	0.000000	0	0	0
112	1187	2	2	0.000000	15.481045	13.727043	0.000000	0.000000	0	0	0
113	21	1	1	0.000000	1.000000	1.000000	0.000000	0.000000	0	0	0
114	10	2	2	0.000000	17.200000	15.400000	0.000000	0.000000	0	0	0
115	36	1	1	0.000000	1.000000	1.000000	0.000000	0.000000	0	0	0
116	1	2	1	0.000000	16.000000	15.000000	0.000000	0.000000	0	0	0
117	21	1	1	0.000000	8.809524	8.476190	0.000000	0.000000	0	0	0
118	572	2	1	0.000000	13.905594	12.571678	0.000000	0.000000	0	0	0
119	57	1	1	0.000000	27.087719	25.894737	0.000000	0.000000	0	0	0
120	21	1	1	0.000000	18.904762	15.619048	0.000000	0.000000	0	0	0
121	20	1	1	0.000000	15.800000	6.100000	0.000000	0.000000	0	0	0
122	184	2	2	0.000000	13.413043	12.157609	0.000000	0.000000	0	0	0
123	196	1	1	0.000000	17.423469	14.780612	0.000000	0.000000	0	0	0
124	2	2	2	0.000000	22.000000	20.000000	0.000000	0.000000	0	0	0
125	4	2	1	0.000000	15.000000	14.000000	0.000000	0.000000	0	0	0
126	1	1	1	0.000000	14.000000	13.000000	0.000000	0.000000	0	0	0
127	3	2	2	0.000000	65.333333	44.000000	0.000000	0.000000	0	0	0
128	3	1	1	0.000000	43.666667	21.000000	0.000000	0.000000	0	0	0
129	8	1	2	0.000000	17.000000	16.750000	0.000000	0.000000	0	0	0
130	6	1	2	0.000000	16.666667	15.666667	0.000000	0.000000	0	0	0
131	96	2	2	0.000000	9.697917	9.343750	0.000000	0.000000	0	0	0
132	27	1	1	0.000000	13.000000	10.555556	0.000000	0.000000	0	0	0
133	15	1	2	0.000000	25.933333	18.400000	0.000000	0.000000	0	0	0
134	21	1	1	0.000000	24.523810	9.523810	0.000000	0.000000	0	0	0
135	54	1	2	0.000000	19.388889	17.962963	0.000000	0.000000	0	0	0
136	1	2	2	0.000000	36.000000	34.000000	0.000000	0.000000	0	0	0
137	1	1	1	0.000000	35.000000	33.000000	0.000000	0.000000	0	0	0
138	3	2	2	0.000000	47.000000	18.000000	0.000000	0.000000	0	0	0
139	2	2	1	0.000000	31.000000	17.500000	0.000000	0.000000	0	0	0
140	23	1	1	0.000000	1.000000	1.000000	0.000000	0.000000	0	0	0
141	21	1	1	0.000000	9.571429	2.714286	0.000000	0.000000	0	0	0
142	1384	2	2	0.000000	15.055636	13.464595	0.000000	0.000000	0	0	0
143	139	2	2	0.000000	13.597122	12.208633	0.000000	0.000000	0	0	0
144	1552	2	2	0.000000	15.740335	14.029639	0.000000	0.000000	0	0	0
145	155	1	2	0.000000	17.458065	14.793548	0.000000	0.000000	0	0	0
146	1	1	2	0.000000	16.000000	14.000000	0.000000	0.000000	0	0	0
147	2	2	2	0.000000	25.500000	18.000000	0.000000	0.000000	0	0	0
148	1	2	2	0.000000	51.000000	37.000000	0.000000	0.000000	0	0	0
149	1	3	1	0.000000	50.000000	38.000000	0.000000	0.000000	0	0	0
150	14	1	1	0.000000	24.071429	12.571429	0.000000	0.000000	0	0	0
151	4	1	2	0.000000	25.250000	12.000000	0.000000	0.000000	0	0	0
152	17	1	2	0.000000	24.235294	12.470588	0.000000	0.000000	0	0	0
153	3	2	2	0.000000	64.000000	32.666667	0.000000	0.000000	0	0	0
154	4	2	1	0.000000	48.000000	35.250000	0.000000	0.000000	0	0	0
155	3	1	1	0.000000	49.000000	40.000000	0.000000	0.000000	0	0	0
156	1	1	2	0.000000	70.000000	60.000000	0.000000	0.000000	0	0	0
157	1	3	3	0.000000	67.000000	55.000000	0.000000	0.000000	0	0	0
158	2	2	1	0.000000	36.000000	36.000000	0.000000	0.000000	0	0	0
159	1	2	1	0.000000	24.000000	24.000000	0.000000	0.000000	0	0	0
160	12	1	1	0.000000	8.000000	8.000000	0.000000	0.000000	0	0	0
161	31	2	2	0.000000	18.225806	17.580645	0.000000	0.000000	0	0	0
162	9	1	1	0.000000	17.333333	17.333333	0.000000	0.000000	0	0	0
163	2	1	1	0.000000	12.500000	12.500000	0.000000	0.000000	0	0	0
164	1	2	2	0.000000	27.000000	25.000000	0.000000	0.000000	0	0	0
165	4	1	1	0.000000	13.250000	13.250000	0.000000	0.000000	0	0	0
166	10	1	2	0.000000	14.200000	14.100000	0.000000	0.000000	0	0	0
167	1	2	1	0.000000	37.000000	35.000000	0.000000	0.000000	0	0	0
168	1	1	2	0.000000	27.000000	26.000000	0.000000	0.000000	0	0	0
169	1	2	2	0.000000	44.000000	43.000000	0.000000	0.000000	0	0	0
170	194	2	1	0.000000	19.634021	16.706186	0.000000	0.000000	0	0	0
171	15	1	1	0.000000	12.533333	7.466667	0.000000	0.000000	0	0	0
172	325	2	1	0.000000	16.270769	14.849231	0.000000	0.000000	0	0	0
173	2	2	2	0.000000	53.500000	31.500000	0.000000	0.000000	0	0	0
174	4	2	1	0.000000	33.750000	31.750000	0.000000	0.000000	0	0	0
175	22	2	1	0.000000	16.818182	16.318182	0.000000	0.000000	0	0	0
176	9	2	1	0.000000	17.333333	17.333333	0.000000	0.000000	0	0	0
177	21	1	1	0.000000	1.000000	1.000000	0.000000	0.000000	0	0	0
178	5	1	2	0.000000	30.600000	15.000000	0.000000	0.000000	0	0	0
179	1	1	2	0.000000	32.000000	12.000000	0.000000	0.000000	0	0	0
180	902	2	2	0.000000	16.358093	14.597561	0.000000	0.000000	0	0	0
181	21	1	1	0.000000	23.857143	15.000000	0.000000	0.000000	0	0	0
182	107	1	2	0.000000	17.757009	16.990654	0.000000	0.000000	0	0	0
183	1	2	2	0.000000	25.000000	23.000000	0.000000	0.000000	0	0	0
184	3	2	1	0.000000	25.666667	24.333333	0.000000	0.000000	0	0	0
185	18	1	1	0.000000	11.166667	10.166667	0.000000	0.000000	0	0	0
186	40	1	2	0.000000	10.500000	9.300000	0.000000	0.000000	0	0	0
187	1	2	1	0.000000	64.000000	62.000000	0.000000	0.000000	0	0	0
188	1	3	1	0.000000	63.000000	61.000000	0.000000	0.000000	0	0	0
189	7	2	1	0.000000	63.428571	61.714286	0.000000	0.000000	0	0	0
190	8	2	1	0.000000	62.250000	61.250000	0.000000	0.000000	0	0	0
191	198	2	1	0.000000	17.611111	15.893939	0.000000	0.000000	0	0	0
192	3	3	1	0.000000	22.333333	22.333333	0.000000	0.000000	0	0	0
193	2	1	1	0.000000	19.000000	19.000000	0.000000	0.000000	0	0	0
194	1	2	2	0.000000	29.000000	19.000000	0.000000	0.000000	0	0	0
195	1	2	3	0.000000	23.000000	19.000000	0.000000	0.000000	0	0	0
196	21	1	1	0.000000	1.000000	1.000000	0.000000	0.000000	0	0	0
197	26	2	1	0.000000	15.423077	14.923077	0.000000	0.000000	0	0	0
198	12	2	1	0.000000	13.000000	13.000000	0.000000	0.000000	0	0	0
199	3	1	1	0.000000	12.000000	12.000000	0.000000	0.000000	0	0	0
200	6	1	2	0.000000	33.333333	30.166667	0.000000	0.000000	0	0	0
201	12	1	2	0.000000	35.250000	28.916667	0.000000	0.000000	0	0	0
202	59	2	2	0.000000	35.135593	31.254237	0.000000	0.000000	0	0	0
203	1	1	1	0.000000	84.000000	58.000000	0.000000	0.000000	0	0	0
204	1	1	2	0.000000	83.000000	51.000000	0.000000	0.000000	0	0	0
205	1	1	2	0.000000	82.000000	52.000000	0.000000	0.000000	0	0	0
206	3	2	3	0.000000	85.000000	54.000000	0.000000	0.000000	0	0	0
207	1	2	2	0.000000	84.000000	54.000000	0.000000	0.000000	0	0	0
208	1	1	2	0.000000	96.000000	56.000000	0.000000	0.000000	0	0	0
209	1	4	2	0.000000	95.000000	56.000000	0.000000	0.000000	0	0	0
210	3	1	1	0.000000	63.000000	34.333333	0.000000	0.000000	0	0	0
211	2	2	2	0.000000	113.000000	44.000000	0.000000	0.000000	0	0	0
212	1	3	1	0.000000	107.000000	38.000000	0.000000	0.000000	0	0	0
213	1	2	1	0.000000	105.000000	37.000000	0.000000	0.000000	0	0	0
214	1	1	3	0.000000	76.000000	76.000000	0.000000	0.000000	0	0	0
215	1	1	2	0.000000	132.000000	132.000000	0.000000	0.000000	0	0	0
216	2	2	2	0.000000	129.500000	129.500000	0.000000	0.000000	0	0	0
217	1	2	1	0.000000	120.000000	120.000000	0.000000	0.000000	0	0	0
218	1	2	2	0.000000	120.000000	120.000000	0.000000	0.000000	0	0	0
219	1	2	1	0.000000	85.000000	83.000000	0.000000	0.000000	0	0	0
220	2	2	2	0.000000	84.000000	22.000000	0.000000	0.000000	0	0	0
221	1	1	1	0.000000	85.000000	22.000000	0.000000	0.000000	0	0	0
222	1	1	2	0.000000	91.000000	27.000000	0.000000	0.000000	0	0	0
223	1	1	2	0.000000	92.000000	29.000000	0.000000	0.000000	0	0	0
224	2	1	2	0.000000	93.500000	43.000000	0.000000	0.000000	0	0	0
225	1	2	2	0.000000	65.000000	23.000000	0.000000	0.000000	0	0	0
226	3	2	2	0.000000	102.666667	61.000000	0.000000	0.000000	0	0	0
227	1	2	1	0.000000	102.000000	65.000000	0.000000	0.000000	0	0	0
228	1	4	1	0.000000	100.000000	64.000000	0.000000	0.000000	0	0	0
229	9	1	2	0.000000	30.666667	27.666667	0.000000	0.000000	0	0	0
230	3	1	3	0.000000	44.666667	40.000000	0.000000	0.000000	0	0	0
231	3	2	3	0.000000	47.666667	42.666667	0.000000	0.000000	0	0	0
232	1	2	2	0.000000	37.000000	35.000000	0.000000	0.000000	0	0	0
233	269	2	1	0.000000	16.884758	14.635688	0.000000	0.000000	0	0	0
234	2208	3	2	0.000000	15.316576	13.185688	0.000000	0.000000	0	0	0
235	3	2	1	0.000000	15.000000	13.000000	0.000000	0.000000	0	0	0
236	9	2	1	0.000000	14.000000	12.777778	0.000000	0.000000	0	0	0
237	6	1	1	0.000000	11.333333	11.333333	0.000000	0.000000	0	0	0
238	1	2	2	0.000000	27.000000	26.000000	0.000000	0.000000	0	0	0
239	2	1	1	0.000000	11.500000	11.500000	0.000000	0.000000	0	0	0
240	3	1	3	0.000000	14.000000	14.000000	0.000000	0.000000	0	0	0
241	9	1	2	0.000000	13.777778	13.666667	0.000000	0.000000	0	0	0
242	1	2	2	0.000000	16.000000	15.000000	0.000000	0.000000	0	0	0
243	1	1	1	0.000000	16.000000	15.000000	0.000000	0.000000	0	0	0
244	12	1	1	0.000000	16.666667	15.166667	0.000000	0.000000	0	0	0
245	1	2	1	0.000000	13.000000	13.000000	0.000000	0.000000	0	0	0
246	12	1	1	0.000000	12.416667	12.416667	0.000000	0.000000	0	0	0
247	2	2	2	0.000000	23.500000	21.000000	0.000000	0.000000	0	0	0
248	6	1	1	0.000000	11.166667	11.166667	0.000000	0.000000	0	0	0
249	1	1	2	0.000000	13.000000	13.000000	0.000000	0.000000	0	0	0
250	23	2	2	0.000000	16.260870	10.869565	0.000000	0.000000	0	0	0
251	14	1	1	0.000000	18.714286	16.571429	0.000000	0.000000	0	0	0
252	21	1	1	0.000000	1.000000	1.000000	0.000000	0.000000	0	0	0
253	13	1	1	0.000000	21.461538	9.307692	0.000000	0.000000	0	0	0
254	133	1	2	0.000000	14.375940	12.631579	0.000000	0.000000	0	0	0
255	16	1	2	0.000000	26.187500	20.625000	0.000000	0.000000	0	0	0
256	9	2	1	0.000000	22.555556	17.444444	0.000000	0.000000	0	0	0
257	4	2	1	0.000000	24.500000	23.750000	0.000000	0.000000	0	0	0
258	5	2	1	0.000000	15.000000	15.000000	0.000000	0.000000	0	0	0
259	3	2	1	0.000000	13.333333	13.333333	0.000000	0.000000	0	0	0
260	9	1	1	0.000000	11.666667	11.666667	0.000000	0.000000	0	0	0
261	2	1	2	0.000000	13.500000	13.500000	0.000000	0.000000	0	0	0
262	4	2	2	0.000000	35.250000	18.250000	0.000000	0.000000	0	0	0
263	3	1	1	0.000000	13.000000	13.000000	0.000000	0.000000	0	0	0
264	3	1	2	0.000000	14.000000	14.000000	0.000000	0.000000	0	0	0
265	14	1	2	0.000000	13.071429	13.071429	0.000000	0.000000	0	0	0
266	73	2	1	0.000000	13.712329	12.452055	0.000000	0.000000	0	0	0
267	5	2	1	0.000000	12.800000	11.800000	0.000000	0.000000	0	0	0
268	1	1	1	0.000000	12.000000	11.000000	0.000000	0.000000	0	0	0
269	2	1	2	0.000000	12.000000	12.000000	0.000000	0.000000	0	0	0
270	4	2	1	0.000000	12.000000	12.000000	0.000000	0.000000	0	0	0
271	5	1	1	0.000000	10.800000	10.800000	0.000000	0.000000	0	0	0
272	1	1	2	0.000000	11.000000	11.000000	0.000000	0.000000	0	0	0
273	5	1	2	0.000000	12.800000	12.800000	0.000000	0.000000	0	0	0
274	11	2	1	0.000000	1.363636	1.363636	0.000000	0.000000	0	0	0
275	10	1	1	0.000000	1.000000	1.000000	0.000000	0.000000	0	0	0
276	797	1	2	0.000000	17.727729	15.751568	0.000000	0.000000	0	0	0
277	591	2	2	0.000000	16.370558	13.834179	0.000000	0.000000	0	0	0
278	10	1	1	0.000000	19.800000	17.500000	0.000000	0.000000	0	0	0
279	21	1	1	0.000000	10.761905	10.761905	0.000000	0.000000	0	0	0
280	22	1	1	0.000000	15.681818	14.000000	0.000000	0.000000	0	0	0
281	12	2	1	0.000000	15.416667	13.916667	0.000000	0.000000	0	0	0
282	4	1	1	0.000000	14.000000	14.000000	0.000000	0.000000	0	0	0
283	1	1	2	0.000000	15.000000	15.000000	0.000000	0.000000	0	0	0
284	1	2	2	0.000000	17.000000	17.000000	0.000000	0.000000	0	0	0
285	1	2	2	0.000000	318.000000	104.000000	0.000000	0.000000	0	0	0
286	1	2	2	0.000000	327.000000	116.000000	0.000000	0.000000	0	0	0
287	1	3	1	0.000000	314.000000	118.000000	0.000000	0.000000	0	0	0
288	1	2	1	0.000000	260.000000	95.000000	0.000000	0.000000	0	0	0
289	1	2	1	0.000000	243.000000	238.000000	0.000000	0.000000	0	0	0
290	1	2	1	0.000000	240.000000	236.000000	0.000000	0.000000	0	0	0
291	3	2	1	0.000000	176.000000	173.000000	0.000000	0.000000	0	0	0
292	3	2	2	0.000000	176.666667	174.000000	0.000000	0.000000	0	0	0
293	1	2	2	0.000000	173.000000	173.000000	0.000000	0.000000	0	0	0
294	1	2	3	0.000000	173.000000	173.000000	0.000000	0.000000	0	0	0
295	1	1	2	0.000000	167.000000	167.000000	0.000000	0.000000	0	0	0
296	1	2	3	0.000000	169.000000	167.000000	0.000000	0.000000	0	0	0
297	1	2	1	0.000000	108.000000	107.000000	0.000000	0.000000	0	0	0
298	1	2	1	0.000000	105.000000	104.000000	0.000000	0.000000	0	0	0
299	4	1	1	0.000000	88.500000	64.000000	0.000000	0.000000	0	0	0
300	2	1	2	0.000000	92.500000	43.500000	0.000000	0.000000	0	0	0
301	2	2	2	0.000000	308.000000	73.500000	0.000000	0.000000	0	0	0
302	1	3	2	0.000000	308.000000	96.000000	0.000000	0.000000	0	0	0
303	1	2	2	0.000000	306.000000	97.000000	0.000000	0.000000	0	0	0
304	1	5	3	0.000000	310.000000	104.000000	0.000000	0.000000	0	0	0
305	1	2	2	0.000000	308.000000	106.000000	0.000000	0.000000	0	0	0
306	1	1	1	0.000000	24.000000	24.000000	0.000000	0.000000	0	0	0
307	15	1	3	0.000000	58.466667	54.066667	0.000000	0.000000	0	0	0
308	1	2	2	0.000000	305.000000	77.000000	0.000000	0.000000	0	0	0
309	1	1	2	0.000000	316.000000	178.000000	0.000000	0.000000	0	0	0
310	595	2	2	0.000000	18.033613	15.836975	0.000000	0.000000	0	0	0
311	4	2	1	0.000000	16.250000	13.250000	0.000000	0.000000	0	0	0
312	8	1	1	0.000000	14.375000	12.000000	0.000000	0.000000	0	0	0
313	3	1	2	0.000000	28.000000	24.000000	0.000000	0.000000	0	0	0
314	4	4	2	0.000000	30.500000	26.750000	0.000000	0.000000	0	0	0
315	2	1	1	0.000000	15.500000	15.500000	0.000000	0.000000	0	0	0
316	4	1	2	0.000000	17.000000	17.000000	0.000000	0.000000	0	0	0
317	1	1	2	0.000000	18.000000	18.000000	0.000000	0.000000	0	0	0
318	14	1	2	0.000000	17.571429	16.857143	0.000000	0.000000	0	0	0
319	21	1	1	0.000000	17.666667	11.476190	0.000000	0.000000	0	0	0
320	10	1	1	0.000000	15.500000	14.900000	0.000000	0.000000	0	0	0
321	11	1	2	0.000000	16.909091	14.181818	0.000000	0.000000	0	0	0
322	1	2	2	0.000000	18.000000	15.000000	0.000000	0.000000	0	0	0
323	5	2	1	0.000000	17.800000	15.200000	0.000000	0.000000	0	0	0
324	16	1	1	0.000000	17.125000	16.437500	0.000000	0.000000	0	0	0
325	11	1	2	0.000000	15.909091	15.909091	0.000000	0.000000	0	0	0
326	6	2	2	0.000000	14.833333	14.833333	0.000000	0.000000	0	0	0
327	6	2	1	0.000000	13.500000	13.500000	0.000000	0.000000	0	0	0
328	21	1	1	0.000000	1.809524	1.809524	0.000000	0.000000	0	0	0
329	45	1	2	0.000000	12.511111	10.666667	0.000000	0.000000	0	0	0
330	21	1	1	0.000000	15.238095	6.523810	0.000000	0.000000	0	0	0
331	16	1	1	0.000000	2.000000	2.000000	0.000000	0.000000	0	0	0
332	3	1	3	0.000000	312.333333	105.666667	0.000000	0.000000	0	0	0
333	14	2	1	0.000000	18.571429	17.571429	0.000000	0.000000	0	0	0
334	7	1	1	0.000000	18.142857	18.142857	0.000000	0.000000	0	0	0
335	6	2	2	0.000000	20.666667	20.666667	0.000000	0.000000	0	0	0
336	2	1	1	0.000000	10.500000	10.000000	0.000000	0.000000	0	0	0
337	25	1	2	0.000000	11.440000	10.640000	0.000000	0.000000	0	0	0
338	62	1	2	0.000000	13.870968	12.387097	0.000000	0.000000	0	0	0
339	11	1	1	0.000000	15.000000	15.000000	0.000000	0.000000	0	0	0
340	1	2	2	0.000000	15.000000	15.000000	0.000000	0.000000	0	0	0
341	2	2	1	0.000000	11.000000	11.000000	0.000000	0.000000	0	0	0
342	2	1	1	0.000000	10.500000	10.500000	0.000000	0.000000	0	0	0
343	14	1	2	0.000000	11.642857	11.642857	0.000000	0.000000	0	0	0
344	3	1	2	0.000000	13.000000	13.000000	0.000000	0.000000	0	0	0
345	2	1	2	0.000000	14.000000	14.000000	0.000000	0.000000	0	0	0
346	3	2	2	0.000000	16.000000	16.000000	0.000000	0.000000	0	0	0
347	3	2	1	0.000000	9.000000	9.000000	0.000000	0.000000	0	0	0
348	5	1	1	0.000000	8.800000	8.800000	0.000000	0.000000	0	0	0
349	12	2	1	0.000000	14.833333	10.250000	0.000000	0.000000	0	0	0
350	9	1	1	0.000000	13.777778	6.888889	0.000000	0.000000	0	0	0
351	122	2	2	0.000000	19.352459	17.360656	0.000000	0.000000	0	0	0
352	296	2	2	0.000000	14.037162	12.381757	0.000000	0.000000	0	0	0
353	15	1	1	0.000000	13.600000	10.800000	0.000000	0.000000	0	0	0
354	37	2	1	0.000000	17.864865	12.459459	0.000000	0.000000	0	0	0
355	21	1	1	0.000000	1.000000	1.000000	0.000000	0.000000	0	0	0
356	1	4	4	0.000000	310.000000	50.000000	0.000000	0.000000	0	0	0
357	2	2	1	0.000000	21.000000	20.000000	0.000000	0.000000	0	0	0
358	1	2	1	0.000000	20.000000	19.000000	0.000000	0.000000	0	0	0
359	1	2	1	0.000000	19.000000	18.000000	0.000000	0.000000	0	0	0
360	12	1	2	0.000000	18.500000	17.000000	0.000000	0.000000	0	0	0
361	9	2	1	0.000000	15.333333	15.222222	0.000000	0.000000	0	0	0
362	8	1	1	0.000000	14.875000	14.875000	0.000000	0.000000	0	0	0
363	1	1	2	0.000000	29.000000	29.000000	0.000000	0.000000	0	0	0
364	6	1	1	0.000000	14.500000	14.000000	0.000000	0.000000	0	0	0
365	1026	2	2	0.000000	14.674464	13.038012	0.000000	0.000000	0	0	0
366	4	1	1	0.000000	10.750000	10.750000	0.000000	0.000000	0	0	0
367	2	1	1	0.000000	14.000000	13.000000	0.000000	0.000000	0	0	0
368	12	2	2	0.000000	15.500000	14.500000	0.000000	0.000000	0	0	0
369	21	1	1	0.000000	15.809524	9.523810	0.000000	0.000000	0	0	0
370	166	2	2	0.000000	12.722892	10.933735	0.000000	0.000000	0	0	0
371	98	2	2	0.000000	27.724490	22.602041	0.000000	0.000000	0	0	0
372	1	2	1	0.000000	30.000000	27.000000	0.000000	0.000000	0	0	0
373	20	1	1	0.000000	13.250000	12.100000	0.000000	0.000000	0	0	0
374	16	1	1	0.000000	20.562500	17.312500	0.000000	0.000000	0	0	0
375	4	1	2	0.000000	91.750000	27.250000	0.000000	0.000000	0	0	0
376	1	1	1	0.000000	172.000000	14.000000	0.000000	0.000000	0	0	0
377	3	2	2	0.000000	191.333333	91.333333	0.000000	0.000000	0	0	0
378	2	2	2	0.000000	204.000000	149.500000	0.000000	0.000000	0	0	0
379	1	1	2	0.000000	221.000000	179.000000	0.000000	0.000000	0	0	0
380	5	1	1	0.000000	20.600000	20.000000	0.000000	0.000000	0	0	0
381	3	1	2	0.000000	21.666667	20.666667	0.000000	0.000000	0	0	0
382	6	1	2	0.000000	23.833333	22.833333	0.000000	0.000000	0	0	0
383	7	1	2	0.000000	26.428571	24.000000	0.000000	0.000000	0	0	0
384	3	1	3	0.000000	91.666667	86.000000	0.000000	0.000000	0	0	0
385	4	1	2	0.000000	91.000000	83.250000	0.000000	0.000000	0	0	0
386	70	2	2	0.000000	12.900000	11.828571	0.000000	0.000000	0	0	0
387	20	1	1	0.000000	13.100000	12.550000	0.000000	0.000000	0	0	0
388	1	2	2	0.000000	23.000000	21.000000	0.000000	0.000000	0	0	0
389	20	1	2	0.000000	13.800000	13.150000	0.000000	0.000000	0	0	0
390	3	2	1	0.000000	10.000000	7.000000	0.000000	0.000000	0	0	0
391	10	1	1	0.000000	8.900000	4.600000	0.000000	0.000000	0	0	0
392	22	1	1	0.000000	9.000000	7.454545	0.000000	0.000000	0	0	0
393	21	1	1	0.000000	24.000000	22.000000	0.000000	0.000000	0	0	0
394	351	2	2	0.000000	13.965812	12.091168	0.000000	0.000000	0	0	0
395	11	2	1	0.000000	17.000000	17.000000	0.000000	0.000000	0	0	0
396	7	2	1	0.000000	10.142857	10.142857	0.000000	0.000000	0	0	0
397	2	2	1	0.000000	11.000000	11.000000	0.000000	0.000000	0	0	0
398	12	1	1	0.000000	11.000000	10.750000	0.000000	0.000000	0	0	0
399	7	1	2	0.000000	14.714286	13.571429	0.000000	0.000000	0	0	0
400	2	1	2	0.000000	16.000000	14.000000	0.000000	0.000000	0	0	0
401	327	2	2	0.000000	15.935780	14.134557	0.000000	0.000000	0	0	0
402	5	3	1	0.000000	25.400000	25.400000	0.000000	0.000000	0	0	0
403	16	1	1	0.000000	24.500000	24.500000	0.000000	0.000000	0	0	0
404	5	1	2	0.000000	21.600000	20.600000	0.000000	0.000000	0	0	0
405	21	1	2	0.000000	23.523810	18.857143	0.000000	0.000000	0	0	0
406	5	2	2	0.000000	19.000000	19.000000	0.000000	0.000000	0	0	0
407	7	1	1	0.000000	19.857143	19.857143	0.000000	0.000000	0	0	0
408	5	3	2	0.000000	30.800000	27.800000	0.000000	0.000000	0	0	0
409	40	2	1	0.000000	19.875000	18.750000	0.000000	0.000000	0	0	0
410	50	2	2	0.000000	12.500000	11.740000	0.000000	0.000000	0	0	0
411	3	1	1	0.000000	12.333333	12.333333	0.000000	0.000000	0	0	0
412	57	2	2	0.000000	17.982456	14.964912	0.000000	0.000000	0	0	0
413	21	1	1	0.000000	17.095238	16.476190	0.000000	0.000000	0	0	0
414	8	1	1	0.000000	9.000000	5.875000	0.000000	0.000000	0	0	0
415	17	1	1	0.000000	12.882353	12.352941	0.000000	0.000000	0	0	0
416	38	2	2	0.000000	18.052632	17.736842	0.000000	0.000000	0	0	0
417	3	2	1	0.000000	19.666667	19.666667	0.000000	0.000000	0	0	0
418	3	2	1	0.000000	21.666667	21.666667	0.000000	0.000000	0	0	0
419	3	2	1	0.000000	21.000000	21.000000	0.000000	0.000000	0	0	0
420	12	1	1	0.000000	19.666667	19.666667	0.000000	0.000000	0	0	0
421	2	2	2	0.000000	19.500000	19.500000	0.000000	0.000000	0	0	0
422	1	1	1	0.000000	18.000000	18.000000	0.000000	0.000000	0	0	0
423	2	3	2	0.000000	18.000000	18.000000	0.000000	0.000000	0	0	0
424	2	2	2	0.000000	28.000000	27.000000	0.000000	0.000000	0	0	0
425	973	2	2	0.000000	15.045221	13.469681	0.000000	0.000000	0	0	0
426	70	2	2	0.000000	16.485714	14.214286	0.000000	0.000000	0	0	0
427	4	1	1	0.000000	12.500000	12.500000	0.000000	0.000000	0	0	0
428	1	2	2	0.000000	25.000000	25.000000	0.000000	0.000000	0	0	0
429	7	1	1	0.000000	11.428571	11.428571	0.000000	0.000000	0	0	0
430	43	1	1	0.000000	12.441860	11.744186	0.000000	0.000000	0	0	0
431	1219	2	1	0.000000	14.904020	13.334701	0.000000	0.000000	0	0	0
432	4	2	1	0.000000	26.750000	26.750000	0.000000	0.000000	0	0	0
433	12	2	1	0.000000	25.583333	25.583333	0.000000	0.000000	0	0	0
434	5	1	1	0.000000	20.000000	20.000000	0.000000	0.000000	0	0	0
435	21	1	1	0.000000	9.619048	9.619048	0.000000	0.000000	0	0	0
436	705	2	2	0.000000	14.092199	12.682270	0.000000	0.000000	0	0	0
437	21	1	1	0.000000	11.047619	8.047619	0.000000	0.000000	0	0	0
438	1244	2	2	0.000000	17.312701	15.049035	0.000000	0.000000	0	0	0
439	3	2	1	0.000000	20.000000	18.000000	0.000000	0.000000	0	0	0
440	8	2	1	0.000000	18.625000	17.750000	0.000000	0.000000	0	0	0
441	5	2	2	0.000000	35.000000	33.800000	0.000000	0.000000	0	0	0
442	2	1	1	0.000000	19.000000	19.000000	0.000000	0.000000	0	0	0
443	1	1	3	0.000000	170.000000	117.000000	0.000000	0.000000	0	0	0
444	1	2	2	0.000000	173.000000	119.000000	0.000000	0.000000	0	0	0
445	12	2	2	0.000000	18.083333	17.833333	0.000000	0.000000	0	0	0
446	12	2	1	0.000000	13.583333	13.583333	0.000000	0.000000	0	0	0
447	3	1	1	0.000000	12.000000	12.000000	0.000000	0.000000	0	0	0
448	6	1	2	0.000000	13.166667	13.166667	0.000000	0.000000	0	0	0
449	6	1	2	0.000000	12.500000	12.500000	0.000000	0.000000	0	0	0
450	1	2	2	0.000000	23.000000	23.000000	0.000000	0.000000	0	0	0
451	5	1	1	0.000000	10.600000	10.600000	0.000000	0.000000	0	0	0
452	6	2	2	0.000000	10.500000	10.500000	0.000000	0.000000	0	0	0
453	20	1	1	0.000000	8.600000	8.600000	0.000000	0.000000	0	0	0
454	1	1	2	0.000000	28.000000	9.000000	0.000000	0.000000	0	0	0
455	13	2	2	0.000000	30.153846	10.153846	0.000000	0.000000	0	0	0
456	1	2	1	0.000000	152.000000	100.000000	0.000000	0.000000	0	0	0
457	1	1	1	0.000000	153.000000	93.000000	0.000000	0.000000	0	0	0
458	1	2	2	0.000000	155.000000	94.000000	0.000000	0.000000	0	0	0
459	1	2	1	0.000000	155.000000	93.000000	0.000000	0.000000	0	0	0
460	2	2	1	0.000000	133.500000	70.500000	0.000000	0.000000	0	0	0
461	5	2	1	0.000000	90.200000	76.400000	0.000000	0.000000	0	0	0
462	5	1	1	0.000000	66.000000	65.200000	0.000000	0.000000	0	0	0
463	3	2	2	0.000000	28.000000	27.666667	0.000000	0.000000	0	0	0
464	1	1	1	0.000000	27.000000	26.000000	0.000000	0.000000	0	0	0
465	3	2	2	0.000000	17.333333	16.333333	0.000000	0.000000	0	0	0
466	149	2	1	0.000000	14.000000	11.966443	0.000000	0.000000	0	0	0
467	411	2	2	0.000000	16.413625	14.250608	0.000000	0.000000	0	0	0
468	64	1	2	0.000000	15.265625	13.656250	0.000000	0.000000	0	0	0
469	2	2	2	0.000000	36.500000	34.500000	0.000000	0.000000	0	0	0
470	1	1	1	0.000000	18.000000	18.000000	0.000000	0.000000	0	0	0
471	4	1	1	0.000000	14.750000	13.750000	0.000000	0.000000	0	0	0
472	2	1	2	0.000000	16.000000	15.000000	0.000000	0.000000	0	0	0
473	1	2	2	0.000000	73.000000	71.000000	0.000000	0.000000	0	0	0
474	1	3	1	0.000000	72.000000	72.000000	0.000000	0.000000	0	0	0
475	1	3	2	0.000000	109.000000	108.000000	0.000000	0.000000	0	0	0
476	1	1	3	0.000000	60.000000	60.000000	0.000000	0.000000	0	0	0
477	1	2	1	0.000000	35.000000	35.000000	0.000000	0.000000	0	0	0
478	4	2	1	0.000000	35.500000	35.500000	0.000000	0.000000	0	0	0
479	5	2	1	0.000000	35.600000	35.400000	0.000000	0.000000	0	0	0
480	4	1	1	0.000000	36.500000	35.500000	0.000000	0.000000	0	0	0
481	1	2	2	0.000000	39.000000	38.000000	0.000000	0.000000	0	0	0
482	5	1	2	0.000000	38.800000	37.800000	0.000000	0.000000	0	0	0
483	7	2	2	0.000000	42.714286	41.714286	0.000000	0.000000	0	0	0
484	1	2	1	0.000000	43.000000	42.000000	0.000000	0.000000	0	0	0
485	5	2	1	0.000000	58.400000	55.400000	0.000000	0.000000	0	0	0
486	5	2	1	0.000000	56.400000	54.800000	0.000000	0.000000	0	0	0
487	1	1	1	0.000000	52.000000	52.000000	0.000000	0.000000	0	0	0
488	2	2	2	0.000000	52.000000	52.000000	0.000000	0.000000	0	0	0
489	21	1	1	0.000000	1.000000	1.000000	0.000000	0.000000	0	0	0
490	13	2	2	0.000000	22.692308	21.846154	0.000000	0.000000	0	0	0
491	6	2	1	0.000000	15.000000	14.000000	0.000000	0.000000	0	0	0
492	3	1	1	0.000000	13.333333	12.333333	0.000000	0.000000	0	0	0
493	2	2	2	0.000000	58.000000	53.000000	0.000000	0.000000	0	0	0
494	2	2	1	0.000000	56.000000	51.500000	0.000000	0.000000	0	0	0
495	8	2	1	0.000000	57.250000	53.875000	0.000000	0.000000	0	0	0
496	2	2	2	0.000000	50.500000	50.500000	0.000000	0.000000	0	0	0
497	3	1	1	0.000000	19.666667	18.333333	0.000000	0.000000	0	0	0
498	18	1	1	0.000000	18.000000	16.166667	0.000000	0.000000	0	0	0
499	2	1	2	0.000000	20.000000	17.000000	0.000000	0.000000	0	0	0
500	1	1	2	0.000000	21.000000	17.000000	0.000000	0.000000	0	0	0
501	9	2	2	0.000000	21.777778	18.222222	0.000000	0.000000	0	0	0
502	14	2	1	0.000000	19.714286	18.000000	0.000000	0.000000	0	0	0
503	21	1	1	0.000000	1.476190	1.476190	0.000000	0.000000	0	0	0
504	20	1	1	0.000000	1.000000	1.000000	0.000000	0.000000	0	0	0
505	7	1	1	0.000000	20.285714	18.285714	0.000000	0.000000	0	0	0
506	4	2	2	0.000000	40.250000	39.000000	0.000000	0.000000	0	0	0
507	4	2	1	0.000000	20.500000	19.500000	0.000000	0.000000	0	0	0
508	5	1	1	0.000000	19.200000	18.600000	0.000000	0.000000	0	0	0
509	3	1	2	0.000000	29.333333	29.333333	0.000000	0.000000	0	0	0
510	1	2	2	0.000000	55.000000	40.000000	0.000000	0.000000	0	0	0
511	11	1	1	0.000000	18.181818	17.000000	0.000000	0.000000	0	0	0
512	6	1	2	0.000000	18.166667	17.000000	0.000000	0.000000	0	0	0
513	4	1	2	0.000000	19.500000	18.250000	0.000000	0.000000	0	0	0
514	7	1	1	0.000000	16.000000	16.000000	0.000000	0.000000	0	0	0
515	6	1	2	0.000000	17.333333	17.333333	0.000000	0.000000	0	0	0
516	8	1	2	0.000000	21.750000	21.750000	0.000000	0.000000	0	0	0
517	1224	2	1	0.000000	16.719771	14.917484	0.000000	0.000000	0	0	0
518	1	2	1	0.000000	14.000000	13.000000	0.000000	0.000000	0	0	0
519	8	1	1	0.000000	12.875000	12.250000	0.000000	0.000000	0	0	0
520	2	2	2	0.000000	24.500000	23.500000	0.000000	0.000000	0	0	0
521	4	1	1	0.000000	12.750000	12.750000	0.000000	0.000000	0	0	0
522	21	1	1	0.000000	11.952381	8.619048	0.000000	0.000000	0	0	0
523	14	1	1	0.000000	13.000000	9.142857	0.000000	0.000000	0	0	0
524	9	2	2	0.000000	14.000000	8.333333	0.000000	0.000000	0	0	0
525	21	1	1	0.000000	14.809524	10.428571	0.000000	0.000000	0	0	0
526	329	2	2	0.000000	14.437690	12.340426	0.000000	0.000000	0	0	0
527	21	1	1	0.000000	14.619048	5.190476	0.000000	0.000000	0	0	0
528	2	1	1	0.000000	18.000000	16.000000	0.000000	0.000000	0	0	0
529	1	2	2	0.000000	19.000000	17.000000	0.000000	0.000000	0	0	0
530	1749	2	1	0.000000	14.897084	13.297885	0.000000	0.000000	0	0	0
531	6	2	1	0.000000	14.833333	14.833333	0.000000	0.000000	0	0	0
532	3	1	1	0.000000	13.000000	13.000000	0.000000	0.000000	0	0	0
533	12	1	2	0.000000	13.416667	13.416667	0.000000	0.000000	0	0	0
534	1105	2	1	0.000000	14.799095	13.303167	0.000000	0.000000	0	0	0
535	5	2	1	0.000000	15.600000	13.600000	0.000000	0.000000	0	0	0
536	1	1	1	0.000000	13.000000	11.000000	0.000000	0.000000	0	0	0
537	2	2	1	0.000000	12.000000	12.000000	0.000000	0.000000	0	0	0
538	1	1	1	0.000000	10.000000	10.000000	0.000000	0.000000	0	0	0
539	6	2	1	0.000000	14.000000	11.000000	0.000000	0.000000	0	0	0
540	4	1	1	0.000000	11.750000	10.250000	0.000000	0.000000	0	0	0
541	630	2	2	0.000000	15.598413	13.334921	0.000000	0.000000	0	0	0
542	21	1	1	0.000000	12.142857	10.476190	0.000000	0.000000	0	0	0
543	21	1	1	0.000000	1.000000	1.000000	0.000000	0.000000	0	0	0
544	2	1	1	0.000000	15.000000	15.000000	0.000000	0.000000	0	0	0
545	62	2	1	0.000000	18.483871	13.080645	0.000000	0.000000	0	0	0
546	24	1	2	0.000000	15.500000	14.666667	0.000000	0.000000	0	0	0
547	1	1	1	0.000000	19.000000	18.000000	0.000000	0.000000	0	0	0
548	1	2	1	0.000000	53.000000	31.000000	0.000000	0.000000	0	0	0
549	2	3	1	0.000000	26.000000	1.000000	0.000000	0.000000	0	0	0
550	7	2	1	0.000000	20.714286	20.571429	0.000000	0.000000	0	0	0
551	9	1	1	0.000000	21.777778	21.777778	0.000000	0.000000	0	0	0
552	1	1	1	0.000000	22.000000	22.000000	0.000000	0.000000	0	0	0
553	7	1	2	0.000000	22.857143	22.857143	0.000000	0.000000	0	0	0
554	7	1	2	0.000000	21.571429	21.571429	0.000000	0.000000	0	0	0
555	4	1	2	0.000000	27.250000	25.250000	0.000000	0.000000	0	0	0
556	16	2	1	0.000000	14.500000	14.250000	0.000000	0.000000	0	0	0
557	4	2	1	0.000000	17.250000	17.250000	0.000000	0.000000	0	0	0
558	254	2	1	0.000000	16.519685	15.125984	0.000000	0.000000	0	0	0
559	4	1	1	0.000000	16.250000	15.250000	0.000000	0.000000	0	0	0
560	2801	1	2	0.000000	14.804356	13.138165	0.000000	0.000000	0	0	0
561	8	2	2	0.000000	16.500000	15.500000	0.000000	0.000000	0	0	0
562	19	1	1	0.000000	12.105263	9.789474	0.000000	0.000000	0	0	0
563	9	1	1	0.000000	11.666667	11.666667	0.000000	0.000000	0	0	0
564	321	2	2	0.000000	13.003115	11.647975	0.000000	0.000000	0	0	0
565	1358	2	2	0.000000	14.343888	12.952872	0.000000	0.000000	0	0	0
566	21	1	1	0.000000	19.476190	6.190476	0.000000	0.000000	0	0	0
567	9	1	1	0.000000	1.000000	1.000000	0.000000	0.000000	0	0	0
568	12	1	2	0.000000	1.250000	1.250000	0.000000	0.000000	0	0	0
569	3554	2	2	0.000000	15.432189	13.756612	0.000000	0.000000	0	0	0
570	1	1	1	0.000000	1.000000	1.000000	0.000000	0.000000	0	0	0
571	18	1	1	0.000000	1.333333	1.333333	0.000000	0.000000	0	0	0
572	1795	2	2	0.000000	17.683008	15.801671	0.000000	0.000000	0	0	0
573	29	1	2	0.000000	21.068966	19.137931	0.000000	0.000000	0	0	0
574	1	2	2	0.000000	21.000000	19.000000	0.000000	0.000000	0	0	0
575	1	3	1	0.000000	50.000000	49.000000	0.000000	0.000000	0	0	0
576	1	3	2	0.000000	76.000000	76.000000	0.000000	0.000000	0	0	0
577	5	1	1	0.000000	38.400000	38.400000	0.000000	0.000000	0	0	0
578	2	1	2	0.000000	38.500000	38.500000	0.000000	0.000000	0	0	0
579	2	2	2	0.000000	39.000000	39.000000	0.000000	0.000000	0	0	0
580	3	1	1	0.000000	38.666667	38.666667	0.000000	0.000000	0	0	0
581	6	2	2	0.000000	37.833333	37.833333	0.000000	0.000000	0	0	0
582	1	1	2	0.000000	38.000000	38.000000	0.000000	0.000000	0	0	0
583	1	2	2	0.000000	38.000000	38.000000	0.000000	0.000000	0	0	0
584	1	1	2	0.000000	38.000000	38.000000	0.000000	0.000000	0	0	0
585	21	1	1	0.000000	15.666667	9.714286	0.000000	0.000000	0	0	0
586	1958	2	2	0.000000	15.445863	13.656282	0.000000	0.000000	0	0	0
587	10	1	1	0.000000	16.800000	13.700000	0.000000	0.000000	0	0	0
588	7	2	2	0.000000	19.857143	8.000000	0.000000	0.000000	0	0	0
589	3	1	1	0.000000	5.333333	5.333333	0.000000	0.000000	0	0	0
590	660	2	2	0.000000	13.862121	12.580303	0.000000	0.000000	0	0	0
591	20	1	1	0.000000	23.100000	22.750000	0.000000	0.000000	0	0	0
592	30	2	1	0.000000	26.800000	25.200000	0.000000	0.000000	0	0	0
593	3	2	1	0.000000	24.333333	21.333333	0.000000	0.000000	0	0	0
594	3	2	1	0.000000	22.666667	20.000000	0.000000	0.000000	0	0	0
595	43	1	1	0.000000	16.651163	16.069767	0.000000	0.000000	0	0	0
596	21	1	1	0.000000	15.428571	12.523810	0.000000	0.000000	0	0	0
597	762	2	2	0.000000	14.950131	12.960630	0.000000	0.000000	0	0	0
598	19	1	1	0.000000	18.578947	18.578947	0.000000	0.000000	0	0	0
599	394	2	2	0.000000	16.203046	13.989848	0.000000	0.000000	0	0	0
600	29	2	1	0.000000	18.724138	15.689655	0.000000	0.000000	0	0	0
601	711	2	2	0.000000	15.800281	13.886076	0.000000	0.000000	0	0	0
602	17	1	1	0.000000	17.000000	5.235294	0.000000	0.000000	0	0	0
603	18	1	1	0.000000	7.555556	6.611111	0.000000	0.000000	0	0	0
604	1115	2	2	0.000000	15.411659	13.765022	0.000000	0.000000	0	0	0
605	1063	2	2	0.000000	15.581373	13.457197	0.000000	0.000000	0	0	0
606	21	1	1	0.000000	14.952381	14.476190	0.000000	0.000000	0	0	0
607	80	2	1	0.000000	12.200000	11.412500	0.000000	0.000000	0	0	0
608	13	1	1	0.000000	15.076923	13.538462	0.000000	0.000000	0	0	0
609	7	1	1	0.000000	15.000000	13.000000	0.000000	0.000000	0	0	0
610	7	1	2	0.000000	15.000000	13.000000	0.000000	0.000000	0	0	0
611	7	1	1	0.000000	1.000000	1.000000	0.000000	0.000000	0	0	0
612	19	1	2	0.000000	30.736842	29.578947	0.000000	0.000000	0	0	0
613	11	2	2	0.000000	28.636364	27.636364	0.000000	0.000000	0	0	0
614	1	2	1	0.000000	18.000000	18.000000	0.000000	0.000000	0	0	0
615	2	1	1	0.000000	17.000000	17.000000	0.000000	0.000000	0	0	0
616	130	2	1	0.000000	13.607692	12.107692	0.000000	0.000000	0	0	0
617	21	1	1	0.000000	10.666667	6.857143	0.000000	0.000000	0	0	0
618	48	2	2	0.000000	14.520833	8.395833	0.000000	0.000000	0	0	0
619	21	1	1	0.000000	1.000000	1.000000	0.000000	0.000000	0	0	0
620	1	1	2	0.000000	177.000000	42.000000	0.000000	0.000000	0	0	0
621	1	2	1	0.000000	104.000000	41.000000	0.000000	0.000000	0	0	0
622	1	1	2	0.000000	109.000000	48.000000	0.000000	0.000000	0	0	0
623	1	1	2	0.000000	112.000000	48.000000	0.000000	0.000000	0	0	0
624	2	2	3	0.000000	135.000000	52.500000	0.000000	0.000000	0	0	0
625	5	1	2	0.000000	134.200000	55.400000	0.000000	0.000000	0	0	0
626	1	2	2	0.000000	133.000000	52.000000	0.000000	0.000000	0	0	0
627	2	2	1	0.000000	13.500000	13.500000	0.000000	0.000000	0	0	0
628	26	1	1	0.000000	12.307692	12.000000	0.000000	0.000000	0	0	0
629	3	1	1	0.000000	9.000000	4.000000	0.000000	0.000000	0	0	0
630	57	2	2	0.000000	10.473684	8.701754	0.000000	0.000000	0	0	0
631	543	1	2	0.000000	17.550645	15.640884	0.000000	0.000000	0	0	0
632	2	1	2	0.000000	46.500000	42.500000	0.000000	0.000000	0	0	0
633	6	1	2	0.000000	46.166667	42.500000	0.000000	0.000000	0	0	0
634	1	1	2	0.000000	50.000000	12.000000	0.000000	0.000000	0	0	0
635	21	1	1	0.000000	21.238095	11.333333	0.000000	0.000000	0	0	0
636	4	2	1	0.000000	9.750000	9.750000	0.000000	0.000000	0	0	0
637	12	2	1	0.000000	7.916667	7.916667	0.000000	0.000000	0	0	0
638	3	1	1	0.000000	6.000000	6.000000	0.000000	0.000000	0	0	0
639	4	1	2	0.000000	7.000000	6.250000	0.000000	0.000000	0	0	0
640	12	1	2	0.000000	8.083333	7.083333	0.000000	0.000000	0	0	0
641	79	2	2	0.000000	12.886076	11.113924	0.000000	0.000000	0	0	0
642	21	1	1	0.000000	1.000000	1.000000	0.000000	0.000000	0	0	0
643	2489	2	2	0.000000	14.513459	12.883889	0.000000	0.000000	0	0	0
644	34	1	1	0.000000	17.705882	12.941176	0.000000	0.000000	0	0	0
645	27	2	1	0.000000	10.370370	9.703704	0.000000	0.000000	0	0	0
646	6	1	1	0.000000	13.000000	12.500000	0.000000	0.000000	0	0	0
647	1	2	1	0.000000	17.000000	16.000000	0.000000	0.000000	0	0	0
648	20	1	1	0.000000	15.350000	15.200000	0.000000	0.000000	0	0	0
649	4	1	1	0.000000	17.500000	16.500000	0.000000	0.000000	0	0	0
650	17	1	2	0.000000	28.882353	15.058824	0.000000	0.000000	0	0	0
651	1	2	1	0.000000	30.000000	30.000000	0.000000	0.000000	0	0	0
652	6	2	1	0.000000	65.500000	62.333333	0.000000	0.000000	0	0	0
653	3	1	1	0.000000	62.000000	61.333333	0.000000	0.000000	0	0	0
654	21	1	1	0.000000	14.380952	13.619048	0.000000	0.000000	0	0	0
655	9	2	2	0.000000	3.888889	3.888889	0.000000	0.000000	0	0	0
656	1	2	1	0.000000	4.000000	4.000000	0.000000	0.000000	0	0	0
657	5	2	1	0.000000	3.000000	3.000000	0.000000	0.000000	0	0	0
658	2	1	1	0.000000	1.000000	1.000000	0.000000	0.000000	0	0	0
659	15	1	2	0.000000	18.133333	16.866667	0.000000	0.000000	0	0	0
660	2	1	2	0.000000	37.000000	24.000000	0.000000	0.000000	0	0	0
661	2	1	2	0.000000	52.000000	43.000000	0.000000	0.000000	0	0	0
662	25	1	2	0.000000	20.720000	20.480000	0.000000	0.000000	0	0	0
663	12	2	1	0.000000	31.666667	26.666667	0.000000	0.000000	0	0	0
664	3	2	1	0.000000	30.000000	27.666667	0.000000	0.000000	0	0	0
665	10	2	1	0.000000	16.100000	16.100000	0.000000	0.000000	0	0	0
666	6	2	1	0.000000	15.500000	15.500000	0.000000	0.000000	0	0	0
667	2	2	1	0.000000	9.500000	9.500000	0.000000	0.000000	0	0	0
668	5	2	1	0.000000	9.000000	9.000000	0.000000	0.000000	0	0	0
669	2	1	1	0.000000	8.000000	8.000000	0.000000	0.000000	0	0	0
670	2	2	2	0.000000	9.000000	9.000000	0.000000	0.000000	0	0	0
671	4	1	1	0.000000	6.500000	6.500000	0.000000	0.000000	0	0	0
672	21	1	1	0.000000	1.000000	1.000000	0.000000	0.000000	0	0	0
673	84	1	1	0.000000	17.226190	15.238095	0.000000	0.000000	0	0	0
674	23	2	1	0.000000	17.478261	16.391304	0.000000	0.000000	0	0	0
675	17	1	1	0.000000	13.235294	11.235294	0.000000	0.000000	0	0	0
676	6	1	1	0.000000	21.333333	20.333333	0.000000	0.000000	0	0	0
677	21	1	1	0.000000	1.000000	1.000000	0.000000	0.000000	0	0	0
678	26	2	2	0.000000	11.461538	7.653846	0.000000	0.000000	0	0	0
679	21	1	1	0.000000	1.047619	1.047619	0.000000	0.000000	0	0	0
680	9	2	1	0.000000	13.000000	13.000000	0.000000	0.000000	0	0	0
681	1	1	1	0.000000	12.000000	12.000000	0.000000	0.000000	0	0	0
682	3	2	2	0.000000	34.000000	17.000000	0.000000	0.000000	0	0	0
683	17	1	2	0.000000	31.823529	13.235294	0.000000	0.000000	0	0	0
684	70	2	2	0.000000	11.842857	10.728571	0.000000	0.000000	0	0	0
685	28	2	1	0.000000	3.535714	3.535714	0.000000	0.000000	0	0	0
686	21	1	2	0.000000	11.238095	11.238095	0.000000	0.000000	0	0	0
687	131	2	2	0.000000	17.290076	14.389313	0.000000	0.000000	0	0	0
688	39	1	2	0.000000	16.923077	16.307692	0.000000	0.000000	0	0	0
689	18	2	1	0.000000	9.333333	9.333333	0.000000	0.000000	0	0	0
690	4	2	1	0.000000	14.000000	14.000000	0.000000	0.000000	0	0	0
691	654	2	2	0.000000	13.804281	12.264526	0.000000	0.000000	0	0	0
692	21	1	1	0.000000	20.809524	19.523810	0.000000	0.000000	0	0	0
693	5	2	2	0.000000	21.000000	21.000000	0.000000	0.000000	0	0	0
694	2	2	1	0.000000	19.000000	19.000000	0.000000	0.000000	0	0	0
695	4	3	1	0.000000	18.500000	18.500000	0.000000	0.000000	0	0	0
696	15	1	1	0.000000	13.066667	13.066667	0.000000	0.000000	0	0	0
697	2	1	2	0.000000	13.000000	13.000000	0.000000	0.000000	0	0	0
698	4	1	2	0.000000	13.750000	13.750000	0.000000	0.000000	0	0	0
699	6	1	2	0.000000	13.166667	13.166667	0.000000	0.000000	0	0	0
700	730	1	2	0.000000	15.726027	13.868493	0.000000	0.000000	0	0	0
701	892	1	2	0.000000	14.544843	12.614350	0.000000	0.000000	0	0	0
702	10	2	2	0.000000	26.300000	16.400000	0.000000	0.000000	0	0	0
703	6	1	1	0.000000	14.166667	13.500000	0.000000	0.000000	0	0	0
704	6	2	2	0.000000	29.000000	26.333333	0.000000	0.000000	0	0	0
705	31	1	1	0.000000	1.000000	1.000000	0.000000	0.000000	0	0	0
706	1	1	2	0.000000	107.000000	29.000000	0.000000	0.000000	0	0	0
707	242	2	2	0.000000	16.256198	14.528926	0.000000	0.000000	0	0	0
708	21	1	1	0.000000	9.761905	7.142857	0.000000	0.000000	0	0	0
709	10	1	1	0.000000	23.500000	23.500000	0.000000	0.000000	0	0	0
710	13	1	1	0.000000	10.000000	10.000000	0.000000	0.000000	0	0	0
711	13	1	2	0.000000	11.076923	11.076923	0.000000	0.000000	0	0	0
712	58	1	2	0.000000	15.931034	13.534483	0.000000	0.000000	0	0	0
713	1394	1	1	0.000000	15.421090	13.464132	0.000000	0.000000	0	0	0
714	3	2	2	0.000000	26.333333	23.333333	0.000000	0.000000	0	0	0
715	2	2	1	0.000000	26.500000	23.500000	0.000000	0.000000	0	0	0
716	21	1	1	0.000000	14.285714	14.095238	0.000000	0.000000	0	0	0
717	153	2	1	0.000000	12.849673	11.117647	0.000000	0.000000	0	0	0
718	21	1	1	0.000000	22.190476	9.142857	0.000000	0.000000	0	0	0
719	21	1	1	0.000000	19.333333	10.476190	0.000000	0.000000	0	0	0
720	1271	2	2	0.000000	12.878049	11.303698	0.000000	0.000000	0	0	0
721	21	1	1	0.000000	1.000000	1.000000	0.000000	0.000000	0	0	0
722	1	1	1	0.000000	14.000000	14.000000	0.000000	0.000000	0	0	0
723	11	2	2	0.000000	13.181818	13.181818	0.000000	0.000000	0	0	0
724	3	1	1	0.000000	12.000000	12.000000	0.000000	0.000000	0	0	0
725	11	1	1	0.000000	15.363636	14.363636	0.000000	0.000000	0	0	0
726	374	1	2	0.000000	18.114973	16.441176	0.000000	0.000000	0	0	0
727	1874	2	2	0.000000	14.844717	13.193170	0.000000	0.000000	0	0	0
728	11	1	1	0.000000	15.363636	15.363636	0.000000	0.000000	0	0	0
729	1	2	2	0.000000	31.000000	30.000000	0.000000	0.000000	0	0	0
730	3	2	1	0.000000	28.333333	27.333333	0.000000	0.000000	0	0	0
731	6	1	1	0.000000	13.666667	13.666667	0.000000	0.000000	0	0	0
732	12	1	2	0.000000	14.166667	14.000000	0.000000	0.000000	0	0	0
733	12	1	2	0.000000	14.166667	13.166667	0.000000	0.000000	0	0	0
734	12	1	1	0.000000	4.916667	4.000000	0.000000	0.000000	0	0	0
735	1079	2	2	0.000000	14.863763	13.365153	0.000000	0.000000	0	0	0
736	6	1	1	0.000000	30.666667	30.500000	0.000000	0.000000	0	0	0
737	5	1	2	0.000000	30.800000	29.000000	0.000000	0.000000	0	0	0
738	38	2	1	0.000000	13.552632	12.026316	0.000000	0.000000	0	0	0
739	64	1	1	0.000000	16.671875	13.531250	0.000000	0.000000	0	0	0
740	4	1	1	0.000000	66.750000	66.000000	0.000000	0.000000	0	0	0
741	1	4	3	0.000000	237.000000	53.000000	0.000000	0.000000	0	0	0
742	4	1	1	0.000000	25.500000	24.000000	0.000000	0.000000	0	0	0
743	9	1	1	0.000000	13.555556	11.888889	0.000000	0.000000	0	0	0
744	1	2	2	0.000000	48.000000	46.000000	0.000000	0.000000	0	0	0
745	11	1	1	0.000000	15.727273	13.727273	0.000000	0.000000	0	0	0
746	13	2	2	0.000000	17.076923	15.846154	0.000000	0.000000	0	0	0
747	12	2	1	0.000000	15.250000	14.250000	0.000000	0.000000	0	0	0
748	3	1	1	0.000000	13.666667	13.666667	0.000000	0.000000	0	0	0
749	2	3	2	0.000000	59.000000	58.000000	0.000000	0.000000	0	0	0
750	4	1	1	0.000000	28.500000	27.500000	0.000000	0.000000	0	0	0
751	25	2	2	0.000000	18.880000	16.800000	0.000000	0.000000	0	0	0
752	17	2	1	0.000000	17.823529	15.352941	0.000000	0.000000	0	0	0
753	12	1	1	0.000000	19.416667	18.916667	0.000000	0.000000	0	0	0
754	1	2	2	0.000000	30.000000	30.000000	0.000000	0.000000	0	0	0
755	1	1	1	0.000000	19.000000	19.000000	0.000000	0.000000	0	0	0
756	7	1	2	0.000000	21.571429	21.571429	0.000000	0.000000	0	0	0
757	3	2	2	0.000000	117.000000	14.666667	0.000000	0.000000	0	0	0
758	5	1	1	0.000000	8.000000	8.000000	0.000000	0.000000	0	0	0
759	4	2	1	0.000000	18.500000	17.000000	0.000000	0.000000	0	0	0
760	14	1	1	0.000000	15.500000	13.428571	0.000000	0.000000	0	0	0
761	4	1	2	0.000000	15.000000	12.000000	0.000000	0.000000	0	0	0
762	132	2	2	0.000000	13.333333	11.863636	0.000000	0.000000	0	0	0
763	14	1	1	0.000000	3.000000	3.000000	0.000000	0.000000	0	0	0
764	2	1	2	0.000000	6.000000	6.000000	0.000000	0.000000	0	0	0
765	11	1	1	0.000000	16.090909	14.727273	0.000000	0.000000	0	0	0
766	36	1	2	0.000000	18.250000	11.777778	0.000000	0.000000	0	0	0
767	14	1	1	0.000000	5.000000	4.142857	0.000000	0.000000	0	0	0
768	145	2	2	0.000000	11.172414	9.931034	0.000000	0.000000	0	0	0
769	1	1	1	0.000000	15.000000	15.000000	0.000000	0.000000	0	0	0
770	16	1	2	0.000000	15.375000	14.500000	0.000000	0.000000	0	0	0
771	17	1	2	0.000000	16.235294	15.823529	0.000000	0.000000	0	0	0
772	12	2	2	0.000000	15.583333	15.583333	0.000000	0.000000	0	0	0
773	6	1	1	0.000000	1.000000	1.000000	0.000000	0.000000	0	0	0
774	21	1	1	0.000000	10.714286	9.523810	0.000000	0.000000	0	0	0
775	63	2	1	0.000000	11.031746	10.000000	0.000000	0.000000	0	0	0
776	4	2	1	0.000000	14.000000	13.000000	0.000000	0.000000	0	0	0
777	1	1	1	0.000000	13.000000	12.000000	0.000000	0.000000	0	0	0
778	2	2	2	0.000000	14.500000	13.500000	0.000000	0.000000	0	0	0
779	7	2	1	0.000000	13.857143	12.857143	0.000000	0.000000	0	0	0
780	1	1	1	0.000000	17.000000	17.000000	0.000000	0.000000	0	0	0
781	21	1	1	0.000000	18.142857	7.571429	0.000000	0.000000	0	0	0
782	10	1	1	0.000000	1.000000	1.000000	0.000000	0.000000	0	0	0
783	12	1	1	0.000000	18.583333	16.416667	0.000000	0.000000	0	0	0
784	21	1	1	0.000000	15.571429	8.714286	0.000000	0.000000	0	0	0
785	11	1	1	0.000000	1.000000	1.000000	0.000000	0.000000	0	0	0
786	10	1	2	0.000000	2.000000	2.000000	0.000000	0.000000	0	0	0
787	2	2	1	0.000000	17.500000	17.500000	0.000000	0.000000	0	0	0
788	11	1	1	0.000000	16.727273	16.727273	0.000000	0.000000	0	0	0
789	1	2	1	0.000000	36.000000	36.000000	0.000000	0.000000	0	0	0
790	1	1	1	0.000000	35.000000	35.000000	0.000000	0.000000	0	0	0
791	4	1	2	0.000000	37.000000	37.000000	0.000000	0.000000	0	0	0
792	2	1	2	0.000000	38.000000	37.000000	0.000000	0.000000	0	0	0
793	2	1	2	0.000000	40.000000	39.000000	0.000000	0.000000	0	0	0
794	5	2	2	0.000000	40.400000	39.400000	0.000000	0.000000	0	0	0
795	1	2	2	0.000000	41.000000	40.000000	0.000000	0.000000	0	0	0
796	1	2	1	0.000000	38.000000	37.000000	0.000000	0.000000	0	0	0
797	2	3	1	0.000000	38.000000	37.000000	0.000000	0.000000	0	0	0
798	1	2	3	0.000000	31.000000	30.000000	0.000000	0.000000	0	0	0
799	9	2	1	0.000000	17.888889	17.888889	0.000000	0.000000	0	0	0
800	1	2	1	0.000000	17.000000	17.000000	0.000000	0.000000	0	0	0
801	6	2	1	0.000000	16.666667	16.666667	0.000000	0.000000	0	0	0
802	2	2	2	0.000000	24.500000	2.000000	0.000000	0.000000	0	0	0
803	21	1	1	0.000000	1.000000	1.000000	0.000000	0.000000	0	0	0
804	13	1	1	0.000000	13.076923	13.076923	0.000000	0.000000	0	0	0
805	21	1	1	0.000000	11.571429	10.190476	0.000000	0.000000	0	0	0
806	3	2	1	0.000000	22.333333	9.000000	0.000000	0.000000	0	0	0
807	4	2	1	0.000000	21.000000	7.750000	0.000000	0.000000	0	0	0
808	14	1	1	0.000000	18.285714	15.142857	0.000000	0.000000	0	0	0
809	17	1	2	0.000000	18.294118	15.058824	0.000000	0.000000	0	0	0
810	15	1	2	0.000000	6.066667	6.066667	0.000000	0.000000	0	0	0
811	294	2	2	0.000000	13.799320	12.085034	0.000000	0.000000	0	0	0
812	4	1	1	0.000000	17.000000	15.000000	0.000000	0.000000	0	0	0
813	3	2	2	0.000000	28.000000	25.333333	0.000000	0.000000	0	0	0
814	3	2	1	0.000000	20.000000	19.000000	0.000000	0.000000	0	0	0
815	21	1	1	0.000000	1.000000	1.000000	0.000000	0.000000	0	0	0
816	3	1	2	0.000000	18.000000	16.000000	0.000000	0.000000	0	0	0
817	1280	2	1	0.000000	14.998437	12.975781	0.000000	0.000000	0	0	0
818	21	1	1	0.000000	1.000000	1.000000	0.000000	0.000000	0	0	0
819	819	2	0	0.000000	16.059829	14.424908	0.000000	0.000000	0	0	0
820	94	1	2	0.000000	23.648936	21.978723	0.000000	0.000000	0	0	0
821	1	2	2	0.000000	33.000000	30.000000	0.000000	0.000000	0	0	0
822	6	2	1	0.000000	7.000000	7.000000	0.000000	0.000000	0	0	0
823	8	1	1	0.000000	8.500000	8.500000	0.000000	0.000000	0	0	0
824	33	1	1	0.000000	1.000000	1.000000	0.000000	0.000000	0	0	0
825	21	1	1	0.000000	1.000000	1.000000	0.000000	0.000000	0	0	0
826	21	1	1	0.000000	16.809524	14.000000	0.000000	0.000000	0	0	0
827	396	1	2	0.000000	18.674242	16.335859	0.000000	0.000000	0	0	0
828	16	2	2	0.000000	25.750000	16.062500	0.000000	0.000000	0	0	0
829	20	1	1	0.000000	12.950000	11.350000	0.000000	0.000000	0	0	0
830	1	2	1	0.000000	59.000000	59.000000	0.000000	0.000000	0	0	0
831	1	2	2	0.000000	61.000000	61.000000	0.000000	0.000000	0	0	0
832	1	1	1	0.000000	59.000000	59.000000	0.000000	0.000000	0	0	0
833	1	2	2	0.000000	59.000000	59.000000	0.000000	0.000000	0	0	0
834	16	1	2	0.000000	18.062500	17.187500	0.000000	0.000000	0	0	0
835	1	2	2	0.000000	19.000000	18.000000	0.000000	0.000000	0	0	0
836	30	1	1	0.000000	1.000000	1.000000	0.000000	0.000000	0	0	0
837	21	1	1	0.000000	1.000000	1.000000	0.000000	0.000000	0	0	0
838	21	1	1	0.000000	1.000000	1.000000	0.000000	0.000000	0	0	0
839	43	1	0	0.000000	1.000000	1.000000	0.000000	0.000000	0	0	0
840	9	1	1	0.000000	16.111111	10.666667	0.000000	0.000000	0	0	0
841	319	2	2	0.000000	14.391850	12.351097	0.000000	0.000000	0	0	0
842	1765	1	2	0.000000	15.040793	13.386402	0.000000	0.000000	0	0	0
843	2	2	1	0.000000	29.500000	12.000000	0.000000	0.000000	0	0	0
844	7	2	1	0.000000	27.428571	13.714286	0.000000	0.000000	0	0	0
845	1	1	1	0.000000	28.000000	14.000000	0.000000	0.000000	0	0	0
846	2	1	1	0.000000	15.000000	15.000000	0.000000	0.000000	0	0	0
847	6	1	2	0.000000	16.166667	16.166667	0.000000	0.000000	0	0	0
848	2	1	1	0.000000	14.000000	14.000000	0.000000	0.000000	0	0	0
849	21	1	1	0.000000	1.000000	1.000000	0.000000	0.000000	0	0	0
850	10	2	1	0.000000	18.400000	17.200000	0.000000	0.000000	0	0	0
851	11	1	1	0.000000	19.000000	14.363636	0.000000	0.000000	0	0	0
852	18	1	1	0.000000	14.500000	13.055556	0.000000	0.000000	0	0	0
853	878	2	2	0.000000	16.732346	14.570615	0.000000	0.000000	0	0	0
854	1	1	4	0.000000	172.000000	14.000000	0.000000	0.000000	0	0	0
855	133	2	2	0.000000	17.977444	17.240602	0.000000	0.000000	0	0	0
856	2	2	1	0.000000	22.000000	21.000000	0.000000	0.000000	0	0	0
857	9	1	1	0.000000	21.666667	21.111111	0.000000	0.000000	0	0	0
858	21	1	1	0.000000	15.761905	10.190476	0.000000	0.000000	0	0	0
859	6	1	2	0.000000	14.666667	13.666667	0.000000	0.000000	0	0	0
860	13	2	1	0.000000	11.846154	11.000000	0.000000	0.000000	0	0	0
861	54	2	2	0.000000	16.888889	15.259259	0.000000	0.000000	0	0	0
862	7	1	1	0.000000	16.285714	13.285714	0.000000	0.000000	0	0	0
863	21	1	1	0.000000	1.000000	1.000000	0.000000	0.000000	0	0	0
864	68	2	1	0.000000	23.250000	20.750000	0.000000	0.000000	0	0	0
865	6	2	2	0.000000	28.000000	25.500000	0.000000	0.000000	0	0	0
866	13	1	2	0.000000	17.230769	16.307692	0.000000	0.000000	0	0	0
867	2	2	1	0.000000	9.500000	6.000000	0.000000	0.000000	0	0	0
868	191	1	2	0.000000	14.068063	12.821990	0.000000	0.000000	0	0	0
869	2	1	1	0.000000	19.000000	18.000000	0.000000	0.000000	0	0	0
870	21	1	1	0.000000	1.000000	1.000000	0.000000	0.000000	0	0	0
871	21	1	1	0.000000	1.000000	1.000000	0.000000	0.000000	0	0	0
872	9	1	2	0.000000	68.444444	59.000000	0.000000	0.000000	0	0	0
873	1	5	4	0.000000	130.000000	39.000000	0.000000	0.000000	0	0	0
874	3	1	1	0.000000	94.333333	29.000000	0.000000	0.000000	0	0	0
875	21	1	1	0.000000	1.000000	1.000000	0.000000	0.000000	0	0	0
876	9	1	1	0.000000	1.000000	1.000000	0.000000	0.000000	0	0	0
877	3	1	1	0.000000	1.000000	1.000000	0.000000	0.000000	0	0	0
878	1155	2	2	0.000000	13.674459	12.291775	0.000000	0.000000	0	0	0
879	693	1	2	0.000000	15.324675	13.792208	0.000000	0.000000	0	0	0
880	10	1	1	0.000000	1.000000	1.000000	0.000000	0.000000	0	0	0
881	21	1	1	0.000000	1.000000	1.000000	0.000000	0.000000	0	0	0
882	10	1	2	0.000000	15.000000	13.600000	0.000000	0.000000	0	0	0
883	35	1	1	0.000000	1.000000	1.000000	0.000000	0.000000	0	0	0
884	21	2	1	0.000000	17.095238	14.047619	0.000000	0.000000	0	0	0
885	2	2	1	0.000000	16.000000	15.000000	0.000000	0.000000	0	0	0
886	2	2	1	0.000000	9.000000	8.000000	0.000000	0.000000	0	0	0
887	4	2	1	0.000000	7.000000	6.500000	0.000000	0.000000	0	0	0
888	8	1	1	0.000000	11.000000	7.750000	0.000000	0.000000	0	0	0
889	21	1	1	0.000000	1.000000	1.000000	0.000000	0.000000	0	0	0
890	3	1	2	0.000000	10.000000	10.000000	0.000000	0.000000	0	0	0
891	10	2	1	0.000000	9.600000	9.600000	0.000000	0.000000	0	0	0
892	21	1	1	0.000000	1.000000	1.000000	0.000000	0.000000	0	0	0
893	19	1	1	0.000000	13.631579	13.368421	0.000000	0.000000	0	0	0
894	21	1	1	0.000000	1.000000	1.000000	0.000000	0.000000	0	0	0
895	5	1	2	0.000000	18.400000	16.400000	0.000000	0.000000	0	0	0
896	28	2	1	0.000000	18.571429	15.750000	0.000000	0.000000	0	0	0
897	4	1	1	0.000000	9.250000	9.250000	0.000000	0.000000	0	0	0
898	1073	2	2	0.000000	13.666356	11.928239	0.000000	0.000000	0	0	0
899	21	1	1	0.000000	1.000000	1.000000	0.000000	0.000000	0	0	0
900	492	2	2	0.000000	15.601626	14.054878	0.000000	0.000000	0	0	0
901	21	1	1	0.000000	13.523810	12.428571	0.000000	0.000000	0	0	0
902	153	1	2	0.000000	18.862745	17.300654	0.000000	0.000000	0	0	0
903	21	1	1	0.000000	1.000000	1.000000	0.000000	0.000000	0	0	0
904	7	1	1	0.000000	1.000000	1.000000	0.000000	0.000000	0	0	0
905	2	1	1	0.000000	1.000000	1.000000	0.000000	0.000000	0	0	0
906	21	1	1	0.000000	1.000000	1.000000	0.000000	0.000000	0	0	0
907	28	1	1	0.000000	11.000000	5.928571	0.000000	0.000000	0	0	0
908	1	1	1	0.000000	15.000000	15.000000	0.000000	0.000000	0	0	0
909	1	2	2	0.000000	36.000000	15.000000	0.000000	0.000000	0	0	0
910	3	1	1	0.000000	14.000000	14.000000	0.000000	0.000000	0	0	0
911	9	1	2	0.000000	14.777778	14.777778	0.000000	0.000000	0	0	0
912	18	1	2	0.000000	15.222222	13.666667	0.000000	0.000000	0	0	0
913	12	2	1	0.000000	13.416667	4.166667	0.000000	0.000000	0	0	0
914	1	1	2	0.000000	7.000000	7.000000	0.000000	0.000000	0	0	0
915	1	2	2	0.000000	9.000000	9.000000	0.000000	0.000000	0	0	0
916	4	1	1	0.000000	3.000000	3.000000	0.000000	0.000000	0	0	0
917	6	2	2	0.000000	29.666667	17.333333	0.000000	0.000000	0	0	0
918	13	2	2	0.000000	27.307692	14.846154	0.000000	0.000000	0	0	0
919	15	1	1	0.000000	17.400000	15.133333	0.000000	0.000000	0	0	0
920	21	1	1	0.000000	1.000000	1.000000	0.000000	0.000000	0	0	0
921	7	1	2	0.000000	20.714286	17.714286	0.000000	0.000000	0	0	0
922	21	1	1	0.000000	8.190476	8.000000	0.000000	0.000000	0	0	0
923	3	1	1	0.000000	18.666667	17.666667	0.000000	0.000000	0	0	0
924	12	2	1	0.000000	1.083333	1.083333	0.000000	0.000000	0	0	0
925	9	1	1	0.000000	1.000000	1.000000	0.000000	0.000000	0	0	0
926	5	2	2	0.000000	13.400000	11.600000	0.000000	0.000000	0	0	0
927	7	1	1	0.000000	11.714286	9.714286	0.000000	0.000000	0	0	0
928	4	1	2	0.000000	22.000000	18.750000	0.000000	0.000000	0	0	0
929	1	1	1	0.000000	9.000000	9.000000	0.000000	0.000000	0	0	0
930	2	1	1	0.000000	26.500000	11.500000	0.000000	0.000000	0	0	0
931	3	1	2	0.000000	25.333333	9.000000	0.000000	0.000000	0	0	0
932	4	1	1	0.000000	4.000000	4.000000	0.000000	0.000000	0	0	0
933	410	2	1	0.000000	15.568293	13.436585	0.000000	0.000000	0	0	0
934	1	1	1	0.000000	10.000000	8.000000	0.000000	0.000000	0	0	0
935	580	2	1	0.000000	17.265517	14.972414	0.000000	0.000000	0	0	0
936	9	1	1	0.000000	4.555556	3.777778	0.000000	0.000000	0	0	0
937	2	1	1	0.000000	31.500000	12.000000	0.000000	0.000000	0	0	0
938	6	1	1	0.000000	10.333333	9.833333	0.000000	0.000000	0	0	0
939	9	1	2	0.000000	11.111111	10.111111	0.000000	0.000000	0	0	0
940	21	1	1	0.000000	11.428571	7.095238	0.000000	0.000000	0	0	0
941	21	1	1	0.000000	1.000000	1.000000	0.000000	0.000000	0	0	0
942	21	1	1	0.000000	1.000000	1.000000	0.000000	0.000000	0	0	0
943	432	2	2	0.000000	15.092593	13.351852	0.000000	0.000000	0	0	0
944	21	1	1	0.000000	9.476190	9.285714	0.000000	0.000000	0	0	0
945	73	2	2	0.000000	13.369863	12.356164	0.000000	0.000000	0	0	0
946	21	1	1	0.000000	1.428571	1.428571	0.000000	0.000000	0	0	0
947	12	1	1	0.000000	5.250000	4.333333	0.000000	0.000000	0	0	0
948	21	1	1	0.000000	17.714286	11.190476	0.000000	0.000000	0	0	0
949	2	1	1	0.000000	8.500000	8.500000	0.000000	0.000000	0	0	0
950	8	2	2	0.000000	9.375000	9.375000	0.000000	0.000000	0	0	0
951	11	1	1	0.000000	9.090909	9.090909	0.000000	0.000000	0	0	0
952	1	2	2	0.000000	9.000000	9.000000	0.000000	0.000000	0	0	0
953	11	1	1	0.000000	5.000000	3.181818	0.000000	0.000000	0	0	0
954	10	1	2	0.000000	6.000000	4.000000	0.000000	0.000000	0	0	0
955	21	1	1	0.000000	1.000000	1.000000	0.000000	0.000000	0	0	0
956	29	1	1	0.000000	1.000000	1.000000	0.000000	0.000000	0	0	0
957	1	1	2	0.000000	24.000000	20.000000	0.000000	0.000000	0	0	0
958	1	2	1	0.000000	24.000000	21.000000	0.000000	0.000000	0	0	0
959	4	1	1	0.000000	7.750000	4.750000	0.000000	0.000000	0	0	0
960	15	2	1	0.000000	10.133333	10.000000	0.000000	0.000000	0	0	0
961	6	1	1	0.000000	11.000000	11.000000	0.000000	0.000000	0	0	0
962	15	1	2	0.000000	12.200000	11.800000	0.000000	0.000000	0	0	0
963	13	1	1	0.000000	1.000000	1.000000	0.000000	0.000000	0	0	0
964	8	1	2	0.000000	2.000000	2.000000	0.000000	0.000000	0	0	0
965	21	1	1	0.000000	1.000000	1.000000	0.000000	0.000000	0	0	0
966	21	1	1	0.000000	1.000000	1.000000	0.000000	0.000000	0	0	0
967	53	1	1	0.000000	1.094340	1.094340	0.000000	0.000000	0	0	0
968	1	2	2	0.000000	221.000000	2.000000	0.000000	0.000000	0	0	0
969	21	1	1	0.000000	1.000000	1.000000	0.000000	0.000000	0	0	0
970	21	1	1	0.000000	1.000000	1.000000	0.000000	0.000000	0	0	0
971	21	1	1	0.000000	1.000000	1.000000	0.000000	0.000000	0	0	0
972	150	1	2	0.000000	15.820000	14.720000	0.000000	0.000000	0	0	0
973	1	3	1	0.000000	64.000000	7.000000	0.000000	0.000000	0	0	0
974	19	1	1	0.000000	1.000000	1.000000	0.000000	0.000000	0	0	0
975	11	1	2	0.000000	14.818182	13.818182	0.000000	0.000000	0	0	0
976	21	1	1	0.000000	1.000000	1.000000	0.000000	0.000000	0	0	0
977	525	2	1	0.000000	13.114286	12.005714	0.000000	0.000000	0	0	0
978	7	2	1	0.000000	13.714286	13.714286	0.000000	0.000000	0	0	0
979	1	1	1	0.000000	5.000000	5.000000	0.000000	0.000000	0	0	0
980	21	1	1	0.000000	16.047619	12.904762	0.000000	0.000000	0	0	0
981	21	1	1	0.000000	1.000000	1.000000	0.000000	0.000000	0	0	0
982	21	1	1	0.000000	1.000000	1.000000	0.000000	0.000000	0	0	0
983	43	1	2	0.000000	15.976744	15.000000	0.000000	0.000000	0	0	0
984	21	1	1	0.000000	1.000000	1.000000	0.000000	0.000000	0	0	0
985	9	1	1	0.000000	1.000000	1.000000	0.000000	0.000000	0	0	0
986	21	1	1	0.000000	12.571429	11.000000	0.000000	0.000000	0	0	0
987	12	1	1	0.000000	1.000000	1.000000	0.000000	0.000000	0	0	0
988	1	2	2	0.000000	16.000000	2.000000	0.000000	0.000000	0	0	0
989	8	1	1	0.000000	1.000000	1.000000	0.000000	0.000000	0	0	0
990	21	1	1	0.000000	1.000000	1.000000	0.000000	0.000000	0	0	0
991	21	1	1	0.000000	1.000000	1.000000	0.000000	0.000000	0	0	0
992	1	1	1	0.000000	1.000000	1.000000	0.000000	0.000000	0	0	0
993	548	2	2	0.000000	14.781022	13.507299	0.000000	0.000000	0	0	0
994	1	2	2	0.000000	70.000000	9.000000	0.000000	0.000000	0	0	0
995	5	1	2	0.000000	60.000000	19.400000	0.000000	0.000000	0	0	0
996	1	1	1	0.000000	27.000000	27.000000	0.000000	0.000000	0	0	0
997	33	1	1	0.000000	1.000000	1.000000	0.000000	0.000000	0	0	0
998	24	1	2	0.000000	8.750000	8.541667	0.000000	0.000000	0	0	0
999	5	1	2	0.000000	14.400000	11.400000	0.000000	0.000000	0	0	0
1000	535	2	2	0.000000	15.514019	13.484112	0.000000	0.000000	0	0	0
1001	4	1	2	0.000000	23.000000	6.000000	0.000000	0.000000	0	0	0
1002	21	2	1	0.000000	1.095238	1.095238	0.000000	0.000000	0	0	0
1003	1	2	1	0.000000	2.000000	2.000000	0.000000	0.000000	0	0	0
1004	20	1	1	0.000000	1.000000	1.000000	0.000000	0.000000	0	0	0
1005	21	1	1	0.000000	1.000000	1.000000	0.000000	0.000000	0	0	0
1006	916	2	2	0.000000	15.308952	13.457424	0.000000	0.000000	0	0	0
1007	22	1	1	0.000000	1.000000	1.000000	0.000000	0.000000	0	0	0
1008	21	1	1	0.000000	8.761905	4.095238	0.000000	0.000000	0	0	0
1009	48	2	2	0.000000	11.520833	10.979167	0.000000	0.000000	0	0	0
1010	21	1	1	0.000000	1.000000	1.000000	0.000000	0.000000	0	0	0
1011	21	1	1	0.000000	1.000000	1.000000	0.000000	0.000000	0	0	0
1012	21	1	1	0.000000	1.000000	1.000000	0.000000	0.000000	0	0	0
1013	20	2	1	0.000000	13.000000	12.350000	0.000000	0.000000	0	0	0
1014	155	2	0	0.000000	11.561290	10.587097	0.000000	0.000000	0	0	0
1015	21	1	1	0.000000	1.000000	1.000000	0.000000	0.000000	0	0	0
1016	19	1	1	0.000000	17.894737	16.947368	0.000000	0.000000	0	0	0
1017	21	1	1	0.000000	1.000000	1.000000	0.000000	0.000000	0	0	0
1018	21	1	1	0.000000	1.285714	1.285714	0.000000	0.000000	0	0	0
1019	7	2	1	0.000000	1.428571	1.428571	0.000000	0.000000	0	0	0
1020	14	1	1	0.000000	1.000000	1.000000	0.000000	0.000000	0	0	0
1021	42	1	1	0.000000	1.000000	1.000000	0.000000	0.000000	0	0	0
1022	21	1	1	0.000000	1.000000	1.000000	0.000000	0.000000	0	0	0
1023	8	1	1	0.000000	1.000000	1.000000	0.000000	0.000000	0	0	0
1024	1	2	2	0.000000	103.000000	12.000000	0.000000	0.000000	0	0	0
1025	21	1	1	0.000000	1.000000	1.000000	0.000000	0.000000	0	0	0
1026	7	1	1	0.000000	13.857143	13.857143	0.000000	0.000000	0	0	0
1027	15	1	1	0.000000	21.666667	18.400000	0.000000	0.000000	0	0	0
1028	8	1	1	0.000000	1.000000	1.000000	0.000000	0.000000	0	0	0
1029	12	1	1	0.000000	1.000000	1.000000	0.000000	0.000000	0	0	0
1030	21	1	1	0.000000	1.285714	1.285714	0.000000	0.000000	0	0	0
1031	21	1	1	0.000000	1.000000	1.000000	0.000000	0.000000	0	0	0
1032	11	1	2	0.000000	2.818182	2.818182	0.000000	0.000000	0	0	0
1033	44	1	1	0.000000	1.000000	1.000000	0.000000	0.000000	0	0	0
1034	21	1	1	0.000000	1.000000	1.000000	0.000000	0.000000	0	0	0
1035	1	2	1	0.000000	16.000000	14.000000	0.000000	0.000000	0	0	0
1036	20	1	1	0.000000	1.000000	1.000000	0.000000	0.000000	0	0	0
1037	21	1	1	0.000000	1.000000	1.000000	0.000000	0.000000	0	0	0
1038	23	1	1	0.000000	1.000000	1.000000	0.000000	0.000000	0	0	0
1039	9	2	1	0.000000	13.111111	10.888889	0.000000	0.000000	0	0	0
1040	13	2	1	0.000000	11.461538	9.538462	0.000000	0.000000	0	0	0
1041	3	2	1	0.000000	12.000000	10.000000	0.000000	0.000000	0	0	0
1042	1	1	1	0.000000	12.000000	10.000000	0.000000	0.000000	0	0	0
1043	1	2	3	0.000000	19.000000	18.000000	0.000000	0.000000	0	0	0
1044	1	1	3	0.000000	19.000000	17.000000	0.000000	0.000000	0	0	0
1045	5	1	1	0.000000	12.600000	11.800000	0.000000	0.000000	0	0	0
1046	12	1	1	0.000000	1.000000	1.000000	0.000000	0.000000	0	0	0
1047	15	1	1	0.000000	1.000000	1.000000	0.000000	0.000000	0	0	0
1048	6	1	2	0.000000	1.166667	1.166667	0.000000	0.000000	0	0	0
1049	21	1	1	0.000000	1.000000	1.000000	0.000000	0.000000	0	0	0
1050	3	1	2	0.000000	13.000000	10.666667	0.000000	0.000000	0	0	0
1051	21	1	1	0.000000	2.000000	2.000000	0.000000	0.000000	0	0	0
1052	21	1	1	0.000000	1.000000	1.000000	0.000000	0.000000	0	0	0
1053	21	1	1	0.000000	1.000000	1.000000	0.000000	0.000000	0	0	0
1054	11	1	1	0.000000	1.000000	1.000000	0.000000	0.000000	0	0	0
1055	10	1	2	0.000000	1.100000	1.100000	0.000000	0.000000	0	0	0
1056	13	1	2	0.000000	12.230769	4.230769	0.000000	0.000000	0	0	0
1057	24	1	1	0.000000	1.000000	1.000000	0.000000	0.000000	0	0	0
1058	53	1	0	0.000000	1.000000	1.000000	0.000000	0.000000	0	0	0
1059	21	1	1	0.000000	1.000000	1.000000	0.000000	0.000000	0	0	0
1060	8	1	1	0.000000	14.375000	13.875000	0.000000	0.000000	0	0	0
1061	21	1	1	0.000000	1.000000	1.000000	0.000000	0.000000	0	0	0
1062	15	2	1	0.000000	2.733333	2.733333	0.000000	0.000000	0	0	0
1063	6	1	1	0.000000	1.000000	1.000000	0.000000	0.000000	0	0	0
1064	4	2	2	0.000000	5.000000	5.000000	0.000000	0.000000	0	0	0
1065	9	1	1	0.000000	4.555556	4.555556	0.000000	0.000000	0	0	0
1066	1	3	3	0.000000	52.000000	52.000000	0.000000	0.000000	0	0	0
1067	26	2	1	0.000000	6.923077	6.115385	0.000000	0.000000	0	0	0
1068	21	1	1	0.000000	1.000000	1.000000	0.000000	0.000000	0	0	0
1069	2	1	1	0.000000	1.000000	1.000000	0.000000	0.000000	0	0	0
1070	19	1	2	0.000000	1.736842	1.736842	0.000000	0.000000	0	0	0
1071	21	1	1	0.000000	1.000000	1.000000	0.000000	0.000000	0	0	0
1072	5	1	1	0.000000	1.000000	1.000000	0.000000	0.000000	0	0	0
1073	21	1	1	0.000000	1.000000	1.000000	0.000000	0.000000	0	0	0
1074	9	1	1	0.000000	1.000000	1.000000	0.000000	0.000000	0	0	0
1075	21	1	1	0.000000	1.000000	1.000000	0.000000	0.000000	0	0	0
1076	11	1	1	0.000000	1.000000	1.000000	0.000000	0.000000	0	0	0
1077	1	2	1	0.000000	2.000000	2.000000	0.000000	0.000000	0	0	0
1078	5	1	1	0.000000	1.000000	1.000000	0.000000	0.000000	0	0	0
1079	21	1	1	0.000000	1.714286	1.714286	0.000000	0.000000	0	0	0
1080	9	1	1	0.000000	1.000000	1.000000	0.000000	0.000000	0	0	0
1081	21	1	1	0.000000	1.000000	1.000000	0.000000	0.000000	0	0	0
1082	9	1	1	0.000000	15.111111	10.666667	0.000000	0.000000	0	0	0
1083	216	2	2	0.000000	18.314815	15.222222	0.000000	0.000000	0	0	0
1084	21	1	1	0.000000	8.333333	6.142857	0.000000	0.000000	0	0	0
1085	43	1	1	0.000000	1.000000	1.000000	0.000000	0.000000	0	0	0
1086	21	1	1	0.000000	8.857143	5.523810	0.000000	0.000000	0	0	0
1087	23	1	1	0.000000	1.086957	1.086957	0.000000	0.000000	0	0	0
1088	25	1	1	0.000000	1.000000	1.000000	0.000000	0.000000	0	0	0
1089	12	1	1	0.000000	1.000000	1.000000	0.000000	0.000000	0	0	0
1090	1	1	2	0.000000	11.000000	11.000000	0.000000	0.000000	0	0	0
1091	8	1	2	0.000000	14.375000	13.875000	0.000000	0.000000	0	0	0
1092	21	1	1	0.000000	10.333333	6.619048	0.000000	0.000000	0	0	0
1093	21	1	1	0.000000	1.000000	1.000000	0.000000	0.000000	0	0	0
1094	21	1	1	0.000000	1.000000	1.000000	0.000000	0.000000	0	0	0
1095	20	1	1	0.000000	1.000000	1.000000	0.000000	0.000000	0	0	0
1096	19	1	1	0.000000	1.000000	1.000000	0.000000	0.000000	0	0	0
1097	1	1	1	0.000000	1.000000	1.000000	0.000000	0.000000	0	0	0
1098	21	1	1	0.000000	1.000000	1.000000	0.000000	0.000000	0	0	0
1099	78	2	2	0.000000	7.282051	6.948718	0.000000	0.000000	0	0	0
1100	31	1	1	0.000000	1.032258	1.032258	0.000000	0.000000	0	0	0
1101	21	1	1	0.000000	1.000000	1.000000	0.000000	0.000000	0	0	0
1102	21	1	1	0.000000	1.000000	1.000000	0.000000	0.000000	0	0	0
1103	17	1	1	0.000000	8.764706	8.764706	0.000000	0.000000	0	0	0
1104	6	1	1	0.000000	8.833333	8.833333	0.000000	0.000000	0	0	0
1105	15	1	1	0.000000	1.000000	1.000000	0.000000	0.000000	0	0	0
1106	1	1	2	0.000000	15.000000	15.000000	0.000000	0.000000	0	0	0
1107	21	1	1	0.000000	1.000000	1.000000	0.000000	0.000000	0	0	0
1108	21	1	1	0.000000	1.000000	1.000000	0.000000	0.000000	0	0	0
1109	21	1	1	0.000000	1.000000	1.000000	0.000000	0.000000	0	0	0
1110	21	1	1	0.000000	1.000000	1.000000	0.000000	0.000000	0	0	0
1111	21	1	1	0.000000	1.000000	1.000000	0.000000	0.000000	0	0	0
1112	21	1	1	0.000000	1.000000	1.000000	0.000000	0.000000	0	0	0
1113	21	1	1	0.000000	1.000000	1.000000	0.000000	0.000000	0	0	0
1114	17	2	1	0.000000	2.000000	1.058824	0.000000	0.000000	0	0	0
1115	4	1	1	0.000000	1.000000	1.000000	0.000000	0.000000	0	0	0
1116	11	1	1	0.000000	1.000000	1.000000	0.000000	0.000000	0	0	0
1117	1	2	2	0.000000	3.000000	3.000000	0.000000	0.000000	0	0	0
1118	9	1	1	0.000000	1.777778	1.777778	0.000000	0.000000	0	0	0
1119	5	1	1	0.000000	1.000000	1.000000	0.000000	0.000000	0	0	0
1120	10	1	1	0.000000	1.000000	1.000000	0.000000	0.000000	0	0	0
1121	21	1	1	0.000000	1.000000	1.000000	0.000000	0.000000	0	0	0
1122	21	1	1	0.000000	1.000000	1.000000	0.000000	0.000000	0	0	0
1123	56	1	1	0.000000	1.000000	1.000000	0.000000	0.000000	0	0	0
1124	51	1	0	0.000000	1.000000	1.000000	0.000000	0.000000	0	0	0
1125	21	1	1	0.000000	1.000000	1.000000	0.000000	0.000000	0	0	0
1126	37	1	1	0.000000	1.000000	1.000000	0.000000	0.000000	0	0	0
1127	21	1	1	0.000000	1.000000	1.000000	0.000000	0.000000	0	0	0
1128	21	1	1	0.000000	1.000000	1.000000	0.000000	0.000000	0	0	0
1129	21	1	1	0.000000	1.000000	1.000000	0.000000	0.000000	0	0	0
1130	6	1	1	0.000000	3.500000	3.500000	0.000000	0.000000	0	0	0
1131	15	1	2	0.000000	9.000000	8.466667	0.000000	0.000000	0	0	0
1132	21	1	1	0.000000	1.000000	1.000000	0.000000	0.000000	0	0	0
1133	3	1	2	0.000000	2.000000	2.000000	0.000000	0.000000	0	0	0
1134	2	1	1	0.000000	2.000000	2.000000	0.000000	0.000000	0	0	0
1135	10	1	1	0.000000	1.000000	1.000000	0.000000	0.000000	0	0	0
1136	21	1	1	0.000000	1.000000	1.000000	0.000000	0.000000	0	0	0
1137	27	1	1	0.000000	1.000000	1.000000	0.000000	0.000000	0	0	0
1138	21	1	1	0.000000	12.571429	5.714286	0.000000	0.000000	0	0	0
1139	21	1	1	0.000000	1.000000	1.000000	0.000000	0.000000	0	0	0
1140	64	1	1	0.000000	1.171875	1.171875	0.000000	0.000000	0	0	0
1141	21	1	1	0.000000	1.238095	1.238095	0.000000	0.000000	0	0	0
1142	21	1	1	0.000000	1.000000	1.000000	0.000000	0.000000	0	0	0
1143	41	1	1	0.000000	1.000000	1.000000	0.000000	0.000000	0	0	0
1144	21	1	1	0.000000	1.000000	1.000000	0.000000	0.000000	0	0	0
1145	21	1	1	0.000000	1.000000	1.000000	0.000000	0.000000	0	0	0
1146	21	1	1	0.000000	1.428571	1.428571	0.000000	0.000000	0	0	0
1147	37	1	1	0.000000	1.000000	1.000000	0.000000	0.000000	0	0	0
1148	22	1	1	0.000000	1.000000	1.000000	0.000000	0.000000	0	0	0
1149	21	1	1	0.000000	1.000000	1.000000	0.000000	0.000000	0	0	0
1150	13	1	1	0.000000	1.000000	1.000000	0.000000	0.000000	0	0	0
1151	21	1	1	0.000000	1.000000	1.000000	0.000000	0.000000	0	0	0
1152	26	1	1	0.000000	1.000000	1.000000	0.000000	0.000000	0	0	0
1153	21	1	1	0.000000	1.000000	1.000000	0.000000	0.000000	0	0	0
1154	1	1	1	0.000000	7.000000	7.000000	0.000000	0.000000	0	0	0
1155	3	1	1	0.000000	1.000000	1.000000	0.000000	0.000000	0	0	0
1156	21	1	1	0.000000	1.000000	1.000000	0.000000	0.000000	0	0	0
1157	21	1	1	0.000000	1.000000	1.000000	0.000000	0.000000	0	0	0
1158	21	1	1	0.000000	1.000000	1.000000	0.000000	0.000000	0	0	0
1159	21	1	1	0.000000	1.000000	1.000000	0.000000	0.000000	0	0	0
1160	21	1	1	0.000000	1.000000	1.000000	0.000000	0.000000	0	0	0
1161	21	1	1	0.000000	1.000000	1.000000	0.000000	0.000000	0	0	0
1162	21	1	1	0.000000	1.000000	1.000000	0.000000	0.000000	0	0	0
1163	21	1	1	0.000000	1.000000	1.000000	0.000000	0.000000	0	0	0
1164	21	1	1	0.000000	1.000000	1.000000	0.000000	0.000000	0	0	0
1165	21	1	1	0.000000	1.000000	1.000000	0.000000	0.000000	0	0	0
1166	21	1	1	0.000000	1.000000	1.000000	0.000000	0.000000	0	0	0
1167	21	1	1	0.000000	1.000000	1.000000	0.000000	0.000000	0	0	0
1168	4	1	1	0.000000	1.000000	1.000000	0.000000	0.000000	0	0	0
1169	21	1	1	0.000000	1.000000	1.000000	0.000000	0.000000	0	0	0
1170	21	1	1	0.000000	1.000000	1.000000	0.000000	0.000000	0	0	0
1171	21	1	1	0.000000	1.000000	1.000000	0.000000	0.000000	0	0	0
1172	21	1	1	0.000000	1.000000	1.000000	0.000000	0.000000	0	0	0
1173	24	1	1	0.000000	1.000000	1.000000	0.000000	0.000000	0	0	0
1174	21	1	1	0.000000	1.000000	1.000000	0.000000	0.000000	0	0	0
1175	21	1	1	0.000000	1.000000	1.000000	0.000000	0.000000	0	0	0
1176	21	1	1	0.000000	2.000000	2.000000	0.000000	0.000000	0	0	0
1177	21	1	1	0.000000	1.000000	1.000000	0.000000	0.000000	0	0	0
1178	47	1	1	0.000000	1.000000	1.000000	0.000000	0.000000	0	0	0
1179	21	1	1	0.000000	1.000000	1.000000	0.000000	0.000000	0	0	0
1180	21	1	1	0.000000	1.190476	1.190476	0.000000	0.000000	0	0	0
1181	23	1	1	0.000000	1.000000	1.000000	0.000000	0.000000	0	0	0
1182	14	1	1	0.000000	1.000000	1.000000	0.000000	0.000000	0	0	0
1183	7	1	2	0.000000	2.000000	2.000000	0.000000	0.000000	0	0	0
1184	24	1	1	0.000000	1.083333	1.083333	0.000000	0.000000	0	0	0
1185	5	1	1	0.000000	18.400000	1.000000	0.000000	0.000000	0	0	0
1186	11	1	1	0.000000	1.000000	1.000000	0.000000	0.000000	0	0	0
1187	10	1	2	0.000000	2.500000	2.500000	0.000000	0.000000	0	0	0
1188	19	1	1	0.000000	1.000000	1.000000	0.000000	0.000000	0	0	0
1189	11	1	1	0.000000	1.090909	1.090909	0.000000	0.000000	0	0	0
1190	21	1	1	0.000000	1.000000	1.000000	0.000000	0.000000	0	0	0
1191	21	1	1	0.000000	1.000000	1.000000	0.000000	0.000000	0	0	0
1192	21	1	1	0.000000	1.000000	1.000000	0.000000	0.000000	0	0	0
1193	21	1	1	0.000000	1.000000	1.000000	0.000000	0.000000	0	0	0
1194	21	1	1	0.000000	1.000000	1.000000	0.000000	0.000000	0	0	0
1195	2	1	1	0.000000	1.000000	1.000000	0.000000	0.000000	0	0	0
1196	42	1	1	0.000000	1.000000	1.000000	0.000000	0.000000	0	0	0
1197	21	1	1	0.000000	1.000000	1.000000	0.000000	0.000000	0	0	0
1198	21	1	1	0.000000	2.619048	2.619048	0.000000	0.000000	0	0	0
1199	21	1	1	0.000000	1.000000	1.000000	0.000000	0.000000	0	0	0
1200	21	1	1	0.000000	1.000000	1.000000	0.000000	0.000000	0	0	0
1201	21	1	1	0.000000	1.000000	1.000000	0.000000	0.000000	0	0	0
1202	19	1	1	0.000000	1.000000	1.000000	0.000000	0.000000	0	0	0
1203	17	1	1	0.000000	6.647059	5.882353	0.000000	0.000000	0	0	0
1204	353	2	2	0.000000	14.056657	12.161473	0.000000	0.000000	0	0	0
1205	9	1	1	0.000000	1.000000	1.000000	0.000000	0.000000	0	0	0
1206	10	1	1	0.000000	6.100000	6.100000	0.000000	0.000000	0	0	0
1207	774	2	2	0.000000	16.797158	13.841085	0.000000	0.000000	0	0	0
1208	371	2	1	0.000000	9.865229	8.695418	0.000000	0.000000	0	0	0
1209	21	1	1	0.000000	1.000000	1.000000	0.000000	0.000000	0	0	0
1210	1347	2	2	0.000000	16.103935	14.282851	0.000000	0.000000	0	0	0
1211	17	1	1	0.000000	1.000000	1.000000	0.000000	0.000000	0	0	0
1212	7	1	1	0.000000	1.000000	1.000000	0.000000	0.000000	0	0	0
1213	1	2	2	0.000000	2.000000	2.000000	0.000000	0.000000	0	0	0
1214	13	1	1	0.000000	1.000000	1.000000	0.000000	0.000000	0	0	0
1215	1	1	2	0.000000	14.000000	10.000000	0.000000	0.000000	0	0	0
1216	9	1	1	0.000000	1.000000	1.000000	0.000000	0.000000	0	0	0
1217	30	1	1	0.000000	1.000000	1.000000	0.000000	0.000000	0	0	0
1218	498	2	2	0.000000	15.777108	13.857430	0.000000	0.000000	0	0	0
1219	4	1	1	0.000000	1.000000	1.000000	0.000000	0.000000	0	0	0
1220	13	2	1	0.000000	11.923077	9.076923	0.000000	0.000000	0	0	0
1221	5	1	1	0.000000	9.600000	9.600000	0.000000	0.000000	0	0	0
1222	115	2	2	0.000000	14.782609	12.321739	0.000000	0.000000	0	0	0
1223	6	2	2	0.000000	23.166667	21.500000	0.000000	0.000000	0	0	0
1224	50	2	2	0.000000	18.860000	15.080000	0.000000	0.000000	0	0	0
1225	1531	2	2	0.000000	14.422600	12.696930	0.000000	0.000000	0	0	0
1226	21	1	1	0.000000	1.000000	1.000000	0.000000	0.000000	0	0	0
1227	21	1	1	0.000000	1.000000	1.000000	0.000000	0.000000	0	0	0
1228	303	2	2	0.000000	14.128713	11.603960	0.000000	0.000000	0	0	0
1229	2	2	1	0.000000	4.000000	4.000000	0.000000	0.000000	0	0	0
1230	16	1	1	0.000000	1.000000	1.000000	0.000000	0.000000	0	0	0
1231	3	1	1	0.000000	1.333333	1.333333	0.000000	0.000000	0	0	0
1232	6	2	1	0.000000	13.833333	6.666667	0.000000	0.000000	0	0	0
1233	6	1	2	0.000000	13.500000	6.500000	0.000000	0.000000	0	0	0
1234	21	1	1	0.000000	9.428571	9.142857	0.000000	0.000000	0	0	0
1235	21	1	1	0.000000	1.000000	1.000000	0.000000	0.000000	0	0	0
1236	10	1	2	0.000000	19.200000	12.500000	0.000000	0.000000	0	0	0
1237	35	1	1	0.000000	1.000000	1.000000	0.000000	0.000000	0	0	0
1238	21	1	1	0.000000	1.000000	1.000000	0.000000	0.000000	0	0	0
1239	42	1	0	0.000000	1.000000	1.000000	0.000000	0.000000	0	0	0
1240	11	1	1	0.000000	2.000000	2.000000	0.000000	0.000000	0	0	0
1241	21	1	1	0.000000	1.000000	1.000000	0.000000	0.000000	0	0	0
1242	11	1	1	0.000000	1.000000	1.000000	0.000000	0.000000	0	0	0
1243	10	1	2	0.000000	2.000000	2.000000	0.000000	0.000000	0	0	0
1244	21	1	1	0.000000	1.000000	1.000000	0.000000	0.000000	0	0	0
1245	21	1	1	0.000000	1.000000	1.000000	0.000000	0.000000	0	0	0
1246	2760	2	2	0.000000	15.373913	13.659783	0.000000	0.000000	0	0	0
1247	1	1	1	0.000000	6.000000	6.000000	0.000000	0.000000	0	0	0
1248	79	2	2	0.000000	16.379747	13.455696	0.000000	0.000000	0	0	0
1249	14	1	1	0.000000	1.000000	1.000000	0.000000	0.000000	0	0	0
1250	32	1	1	0.000000	1.000000	1.000000	0.000000	0.000000	0	0	0
1251	21	1	1	0.000000	1.095238	1.095238	0.000000	0.000000	0	0	0
1252	21	1	1	0.000000	1.000000	1.000000	0.000000	0.000000	0	0	0
1253	77	2	2	0.000000	17.012987	13.896104	0.000000	0.000000	0	0	0
1254	21	1	1	0.000000	1.000000	1.000000	0.000000	0.000000	0	0	0
1255	26	2	2	0.000000	20.769231	11.653846	0.000000	0.000000	0	0	0
1256	1	1	2	0.000000	16.000000	5.000000	0.000000	0.000000	0	0	0
1257	1	1	1	0.000000	9.000000	9.000000	0.000000	0.000000	0	0	0
1258	1	1	1	0.000000	10.000000	10.000000	0.000000	0.000000	0	0	0
1259	21	1	1	0.000000	1.000000	1.000000	0.000000	0.000000	0	0	0
1260	10	1	1	0.000000	1.000000	1.000000	0.000000	0.000000	0	0	0
1261	3	1	1	0.000000	13.000000	8.000000	0.000000	0.000000	0	0	0
1262	21	1	1	0.000000	1.000000	1.000000	0.000000	0.000000	0	0	0
1263	81	2	2	0.000000	11.827160	11.061728	0.000000	0.000000	0	0	0
1264	21	1	1	0.000000	1.000000	1.000000	0.000000	0.000000	0	0	0
1265	22	1	1	0.000000	1.090909	1.090909	0.000000	0.000000	0	0	0
1266	21	1	1	0.000000	1.000000	1.000000	0.000000	0.000000	0	0	0
1267	7	1	1	0.000000	1.000000	1.000000	0.000000	0.000000	0	0	0
1268	6	2	1	0.000000	14.333333	6.000000	0.000000	0.000000	0	0	0
1269	1	2	2	0.000000	4.000000	4.000000	0.000000	0.000000	0	0	0
1270	14	1	1	0.000000	3.071429	3.071429	0.000000	0.000000	0	0	0
1271	1631	2	2	0.000000	14.972410	13.319436	0.000000	0.000000	0	0	0
1272	7	1	1	0.000000	1.000000	1.000000	0.000000	0.000000	0	0	0
1273	37	1	1	0.000000	1.000000	1.000000	0.000000	0.000000	0	0	0
1274	21	1	1	0.000000	1.000000	1.000000	0.000000	0.000000	0	0	0
1275	66	2	2	0.000000	18.424242	15.121212	0.000000	0.000000	0	0	0
1276	23	1	1	0.000000	1.000000	1.000000	0.000000	0.000000	0	0	0
1277	13	1	1	0.000000	9.000000	6.692308	0.000000	0.000000	0	0	0
1278	11	1	1	0.000000	1.000000	1.000000	0.000000	0.000000	0	0	0
1279	1731	2	2	0.000000	14.923166	13.300982	0.000000	0.000000	0	0	0
1280	23	1	1	0.000000	1.000000	1.000000	0.000000	0.000000	0	0	0
1281	131	2	2	0.000000	18.030534	16.091603	0.000000	0.000000	0	0	0
1282	4	1	1	0.000000	1.000000	1.000000	0.000000	0.000000	0	0	0
1283	21	1	1	0.000000	1.000000	1.000000	0.000000	0.000000	0	0	0
1284	21	1	1	0.000000	1.000000	1.000000	0.000000	0.000000	0	0	0
1285	2	1	1	0.000000	7.000000	7.000000	0.000000	0.000000	0	0	0
1286	19	1	2	0.000000	7.052632	7.052632	0.000000	0.000000	0	0	0
1287	21	1	1	0.000000	1.000000	1.000000	0.000000	0.000000	0	0	0
1288	18	1	1	0.000000	1.000000	1.000000	0.000000	0.000000	0	0	0
1289	21	1	1	0.000000	1.000000	1.000000	0.000000	0.000000	0	0	0
1290	13	1	1	0.000000	1.000000	1.000000	0.000000	0.000000	0	0	0
1291	6	1	1	0.000000	1.000000	1.000000	0.000000	0.000000	0	0	0
1292	17	1	1	0.000000	1.000000	1.000000	0.000000	0.000000	0	0	0
1293	21	1	1	0.000000	1.000000	1.000000	0.000000	0.000000	0	0	0
1294	9	1	1	0.000000	11.000000	8.000000	0.000000	0.000000	0	0	0
1295	238	2	1	0.000000	12.983193	11.067227	0.000000	0.000000	0	0	0
1296	2108	2	1	0.000000	14.681214	12.988140	0.000000	0.000000	0	0	0
1297	3	1	1	0.000000	15.333333	1.000000	0.000000	0.000000	0	0	0
1298	21	1	1	0.000000	1.000000	1.000000	0.000000	0.000000	0	0	0
1299	8	2	1	0.000000	12.500000	7.625000	0.000000	0.000000	0	0	0
1300	6	1	2	0.000000	12.166667	10.666667	0.000000	0.000000	0	0	0
1301	8	2	1	0.000000	13.875000	4.125000	0.000000	0.000000	0	0	0
1302	393	1	2	0.000000	14.320611	12.170483	0.000000	0.000000	0	0	0
1303	21	1	1	0.000000	1.000000	1.000000	0.000000	0.000000	0	0	0
1304	13	2	1	0.000000	2.000000	2.000000	0.000000	0.000000	0	0	0
1305	21	1	1	0.000000	1.000000	1.000000	0.000000	0.000000	0	0	0
1306	21	1	1	0.000000	1.000000	1.000000	0.000000	0.000000	0	0	0
1307	21	1	1	0.000000	1.000000	1.000000	0.000000	0.000000	0	0	0
1308	21	1	1	0.000000	1.000000	1.000000	0.000000	0.000000	0	0	0
1309	24	1	1	0.000000	1.000000	1.000000	0.000000	0.000000	0	0	0
1310	21	1	1	0.000000	1.000000	1.000000	0.000000	0.000000	0	0	0
1311	21	1	1	0.000000	1.000000	1.000000	0.000000	0.000000	0	0	0
1312	21	1	1	0.000000	1.000000	1.000000	0.000000	0.000000	0	0	0
1313	9	1	1	0.000000	1.111111	1.111111	0.000000	0.000000	0	0	0
1314	36	1	1	0.000000	1.000000	1.000000	0.000000	0.000000	0	0	0
1315	14	1	1	0.000000	17.500000	6.714286	0.000000	0.000000	0	0	0
1316	10	1	2	0.000000	19.800000	9.000000	0.000000	0.000000	0	0	0
1317	21	1	1	0.000000	2.000000	2.000000	0.000000	0.000000	0	0	0
1318	21	1	1	0.000000	1.000000	1.000000	0.000000	0.000000	0	0	0
1319	29	1	1	0.000000	1.000000	1.000000	0.000000	0.000000	0	0	0
1320	747	1	2	0.000000	14.862115	12.567604	0.000000	0.000000	0	0	0
1321	21	1	1	0.000000	1.000000	1.000000	0.000000	0.000000	0	0	0
1322	47	1	0	0.000000	1.000000	1.000000	0.000000	0.000000	0	0	0
1323	21	1	1	0.000000	1.000000	1.000000	0.000000	0.000000	0	0	0
1324	21	1	1	0.000000	1.000000	1.000000	0.000000	0.000000	0	0	0
1325	21	1	1	0.000000	1.000000	1.000000	0.000000	0.000000	0	0	0
1326	21	1	1	0.000000	1.000000	1.000000	0.000000	0.000000	0	0	0
1327	20	1	1	0.000000	3.900000	3.000000	0.000000	0.000000	0	0	0
1328	21	1	1	0.000000	1.000000	1.000000	0.000000	0.000000	0	0	0
1329	32	1	1	0.000000	1.000000	1.000000	0.000000	0.000000	0	0	0
1330	3	1	1	0.000000	1.000000	1.000000	0.000000	0.000000	0	0	0
1331	21	1	1	0.000000	1.000000	1.000000	0.000000	0.000000	0	0	0
1332	21	1	1	0.000000	1.000000	1.000000	0.000000	0.000000	0	0	0
1333	21	1	1	0.000000	1.000000	1.000000	0.000000	0.000000	0	0	0
1334	19	1	1	0.000000	1.000000	1.000000	0.000000	0.000000	0	0	0
1335	5	1	1	0.000000	1.000000	1.000000	0.000000	0.000000	0	0	0
1336	21	1	1	0.000000	1.000000	1.000000	0.000000	0.000000	0	0	0
1337	21	1	1	0.000000	1.000000	1.000000	0.000000	0.000000	0	0	0
1338	7	1	2	0.000000	14.000000	7.571429	0.000000	0.000000	0	0	0
1339	396	2	2	0.000000	14.747475	12.954545	0.000000	0.000000	0	0	0
1340	21	1	1	0.000000	1.000000	1.000000	0.000000	0.000000	0	0	0
1341	21	1	1	0.000000	1.000000	1.000000	0.000000	0.000000	0	0	0
1342	21	1	1	0.000000	1.000000	1.000000	0.000000	0.000000	0	0	0
1343	28	1	1	0.000000	1.000000	1.000000	0.000000	0.000000	0	0	0
1344	16	1	1	0.000000	1.000000	1.000000	0.000000	0.000000	0	0	0
1345	27	1	1	0.000000	1.000000	1.000000	0.000000	0.000000	0	0	0
1346	21	1	1	0.000000	1.000000	1.000000	0.000000	0.000000	0	0	0
1347	21	1	1	0.000000	1.000000	1.000000	0.000000	0.000000	0	0	0
1348	21	1	1	0.000000	1.000000	1.000000	0.000000	0.000000	0	0	0
1349	21	1	1	0.000000	1.000000	1.000000	0.000000	0.000000	0	0	0
1350	15	1	1	0.000000	1.000000	1.000000	0.000000	0.000000	0	0	0
1351	21	1	1	0.000000	1.000000	1.000000	0.000000	0.000000	0	0	0
1352	21	1	1	0.000000	1.000000	1.000000	0.000000	0.000000	0	0	0
1353	21	1	1	0.000000	1.000000	1.000000	0.000000	0.000000	0	0	0
1354	21	1	1	0.000000	1.000000	1.000000	0.000000	0.000000	0	0	0
1355	21	1	1	0.000000	1.000000	1.000000	0.000000	0.000000	0	0	0
1356	9	2	1	0.000000	22.444444	1.444444	0.000000	0.000000	0	0	0
1357	21	1	1	0.000000	1.000000	1.000000	0.000000	0.000000	0	0	0
1358	20	1	1	0.000000	1.000000	1.000000	0.000000	0.000000	0	0	0
1359	21	1	1	0.000000	1.000000	1.000000	0.000000	0.000000	0	0	0
1360	337	2	2	0.000000	13.682493	10.827893	0.000000	0.000000	0	0	0
1361	17	1	1	0.000000	1.000000	1.000000	0.000000	0.000000	0	0	0
1362	3	2	2	0.000000	2.000000	2.000000	0.000000	0.000000	0	0	0
1363	1	1	1	0.000000	1.000000	1.000000	0.000000	0.000000	0	0	0
1364	10	1	1	0.000000	1.000000	1.000000	0.000000	0.000000	0	0	0
1365	21	1	1	0.000000	1.000000	1.000000	0.000000	0.000000	0	0	0
1366	21	1	1	0.000000	1.000000	1.000000	0.000000	0.000000	0	0	0
1367	57	1	1	0.000000	1.000000	1.000000	0.000000	0.000000	0	0	0
1368	21	1	1	0.000000	1.000000	1.000000	0.000000	0.000000	0	0	0
1369	21	1	1	0.000000	1.000000	1.000000	0.000000	0.000000	0	0	0
1370	21	1	1	0.000000	1.000000	1.000000	0.000000	0.000000	0	0	0
1371	9	1	1	0.000000	1.000000	1.000000	0.000000	0.000000	0	0	0
1372	21	1	1	0.000000	1.000000	1.000000	0.000000	0.000000	0	0	0
1373	21	1	1	0.000000	1.000000	1.000000	0.000000	0.000000	0	0	0
1374	21	1	1	0.000000	1.000000	1.000000	0.000000	0.000000	0	0	0
1375	59	1	1	0.000000	1.000000	1.000000	0.000000	0.000000	0	0	0
1376	30	1	1	0.000000	1.000000	1.000000	0.000000	0.000000	0	0	0
1377	21	1	1	0.000000	1.000000	1.000000	0.000000	0.000000	0	0	0
1378	21	1	1	0.000000	1.000000	1.000000	0.000000	0.000000	0	0	0
1379	21	1	1	0.000000	1.000000	1.000000	0.000000	0.000000	0	0	0
1380	21	1	1	0.000000	1.000000	1.000000	0.000000	0.000000	0	0	0
1381	21	1	1	0.000000	1.000000	1.000000	0.000000	0.000000	0	0	0
1382	21	1	1	0.000000	1.000000	1.000000	0.000000	0.000000	0	0	0
1383	5	1	1	0.000000	1.000000	1.000000	0.000000	0.000000	0	0	0
1384	14	1	2	0.000000	2.000000	2.000000	0.000000	0.000000	0	0	0
1385	21	1	1	0.000000	1.000000	1.000000	0.000000	0.000000	0	0	0
1386	21	1	1	0.000000	1.000000	1.000000	0.000000	0.000000	0	0	0
1387	21	1	1	0.000000	1.000000	1.000000	0.000000	0.000000	0	0	0
1388	1	2	1	0.000000	182.000000	2.000000	0.000000	0.000000	0	0	0
1389	11	1	1	0.000000	1.000000	1.000000	0.000000	0.000000	0	0	0
1390	21	1	1	0.000000	1.000000	1.000000	0.000000	0.000000	0	0	0
1391	13	1	1	0.000000	1.615385	1.615385	0.000000	0.000000	0	0	0
1392	21	1	1	0.000000	1.000000	1.000000	0.000000	0.000000	0	0	0
1393	21	1	1	0.000000	1.000000	1.000000	0.000000	0.000000	0	0	0
1394	15	1	1	0.000000	1.000000	1.000000	0.000000	0.000000	0	0	0
1395	3	2	2	0.000000	2.000000	2.000000	0.000000	0.000000	0	0	0
1396	3	1	1	0.000000	1.000000	1.000000	0.000000	0.000000	0	0	0
1397	21	1	1	0.000000	1.000000	1.000000	0.000000	0.000000	0	0	0
1398	21	1	1	0.000000	1.000000	1.000000	0.000000	0.000000	0	0	0
1399	88	2	2	0.000000	13.829545	12.625000	0.000000	0.000000	0	0	0
1400	14	1	1	0.000000	1.000000	1.000000	0.000000	0.000000	0	0	0
1401	14	1	1	0.000000	1.000000	1.000000	0.000000	0.000000	0	0	0
1402	21	1	1	0.000000	1.000000	1.000000	0.000000	0.000000	0	0	0
1403	21	1	1	0.000000	1.000000	1.000000	0.000000	0.000000	0	0	0
1404	20	2	1	0.000000	2.000000	2.000000	0.000000	0.000000	0	0	0
1405	1	1	1	0.000000	1.000000	1.000000	0.000000	0.000000	0	0	0
1406	11	1	1	0.000000	1.636364	1.636364	0.000000	0.000000	0	0	0
1407	21	1	1	0.000000	1.000000	1.000000	0.000000	0.000000	0	0	0
1408	21	1	1	0.000000	1.000000	1.000000	0.000000	0.000000	0	0	0
1409	21	1	1	0.000000	1.000000	1.000000	0.000000	0.000000	0	0	0
1410	20	1	1	0.000000	1.000000	1.000000	0.000000	0.000000	0	0	0
1411	11	1	1	0.000000	1.000000	1.000000	0.000000	0.000000	0	0	0
1412	21	1	1	0.000000	1.000000	1.000000	0.000000	0.000000	0	0	0
1413	21	1	1	0.000000	1.000000	1.000000	0.000000	0.000000	0	0	0
1414	21	1	1	0.000000	1.000000	1.000000	0.000000	0.000000	0	0	0
1415	21	1	1	0.000000	1.000000	1.000000	0.000000	0.000000	0	0	0
1416	21	1	1	0.000000	1.000000	1.000000	0.000000	0.000000	0	0	0
1417	11	1	1	0.000000	1.000000	1.000000	0.000000	0.000000	0	0	0
1418	15	1	1	0.000000	1.000000	1.000000	0.000000	0.000000	0	0	0
1419	1	1	1	0.000000	1.000000	1.000000	0.000000	0.000000	0	0	0
1420	21	1	1	0.000000	2.000000	2.000000	0.000000	0.000000	0	0	0
1421	21	1	1	0.000000	1.000000	1.000000	0.000000	0.000000	0	0	0
1422	13	1	1	0.000000	1.000000	1.000000	0.000000	0.000000	0	0	0
1423	7	1	1	0.000000	1.000000	1.000000	0.000000	0.000000	0	0	0
1424	21	1	1	0.000000	1.000000	1.000000	0.000000	0.000000	0	0	0
1425	3	1	1	0.000000	1.000000	1.000000	0.000000	0.000000	0	0	0
1426	9	1	1	0.000000	1.000000	1.000000	0.000000	0.000000	0	0	0
1427	21	1	1	0.000000	1.000000	1.000000	0.000000	0.000000	0	0	0
1428	21	1	1	0.000000	1.000000	1.000000	0.000000	0.000000	0	0	0
1429	15	1	1	0.000000	1.000000	1.000000	0.000000	0.000000	0	0	0
1430	3	1	1	0.000000	1.000000	1.000000	0.000000	0.000000	0	0	0
1431	21	1	1	0.000000	1.000000	1.000000	0.000000	0.000000	0	0	0
1432	11	1	1	0.000000	1.000000	1.000000	0.000000	0.000000	0	0	0
1433	21	1	1	0.000000	1.000000	1.000000	0.000000	0.000000	0	0	0
1434	34	1	1	0.000000	1.000000	1.000000	0.000000	0.000000	0	0	0
1435	16	1	1	0.000000	1.000000	1.000000	0.000000	0.000000	0	0	0
1436	8	1	1	0.000000	1.000000	1.000000	0.000000	0.000000	0	0	0
1437	8	1	1	0.000000	1.000000	1.000000	0.000000	0.000000	0	0	0
1438	7	1	1	0.000000	1.000000	1.000000	0.000000	0.000000	0	0	0
1439	1	1	1	0.000000	1.000000	1.000000	0.000000	0.000000	0	0	0
1440	21	1	1	0.000000	1.000000	1.000000	0.000000	0.000000	0	0	0
1441	31	1	1	0.000000	1.000000	1.000000	0.000000	0.000000	0	0	0
1442	8	1	1	0.000000	1.000000	1.000000	0.000000	0.000000	0	0	0
1443	13	1	2	0.000000	2.000000	2.000000	0.000000	0.000000	0	0	0
1444	21	1	1	0.000000	1.000000	1.000000	0.000000	0.000000	0	0	0
1445	1	1	1	0.000000	11.000000	1.000000	0.000000	0.000000	0	0	0
1446	7	1	1	0.000000	1.000000	1.000000	0.000000	0.000000	0	0	0
1447	21	1	1	0.000000	1.000000	1.000000	0.000000	0.000000	0	0	0
1448	21	1	1	0.000000	1.000000	1.000000	0.000000	0.000000	0	0	0
1449	12	1	1	0.000000	1.000000	1.000000	0.000000	0.000000	0	0	0
1450	38	1	1	0.000000	1.000000	1.000000	0.000000	0.000000	0	0	0
1451	57	1	1	0.000000	1.000000	1.000000	0.000000	0.000000	0	0	0
1452	21	1	1	0.000000	1.000000	1.000000	0.000000	0.000000	0	0	0
1453	1	3	1	0.000000	159.000000	1.000000	0.000000	0.000000	0	0	0
1454	20	1	1	0.000000	1.000000	1.000000	0.000000	0.000000	0	0	0
1455	21	1	1	0.000000	1.000000	1.000000	0.000000	0.000000	0	0	0
1456	21	1	1	0.000000	1.000000	1.000000	0.000000	0.000000	0	0	0
1457	2	1	1	0.000000	17.000000	1.000000	0.000000	0.000000	0	0	0
1458	1	1	1	0.000000	1.000000	1.000000	0.000000	0.000000	0	0	0
1459	23	1	1	0.000000	1.000000	1.000000	0.000000	0.000000	0	0	0
1460	1	1	1	0.000000	1.000000	1.000000	0.000000	0.000000	0	0	0
1461	17	1	1	0.000000	1.000000	1.000000	0.000000	0.000000	0	0	0
1462	26	1	1	0.000000	1.000000	1.000000	0.000000	0.000000	0	0	0
1463	42	1	0	0.000000	1.000000	1.000000	0.000000	0.000000	0	0	0
1464	35	1	1	0.000000	1.000000	1.000000	0.000000	0.000000	0	0	0
1465	21	1	1	0.000000	1.000000	1.000000	0.000000	0.000000	0	0	0
1466	21	1	1	0.000000	1.000000	1.000000	0.000000	0.000000	0	0	0
1467	21	1	1	0.000000	1.000000	1.000000	0.000000	0.000000	0	0	0
1468	21	1	1	0.000000	1.000000	1.000000	0.000000	0.000000	0	0	0
1469	21	1	1	0.000000	1.000000	1.000000	0.000000	0.000000	0	0	0
1470	10	1	1	0.000000	1.000000	1.000000	0.000000	0.000000	0	0	0
1471	21	1	1	0.000000	1.000000	1.000000	0.000000	0.000000	0	0	0
1472	48	1	0	0.000000	1.000000	1.000000	0.000000	0.000000	0	0	0
1473	21	1	1	0.000000	1.000000	1.000000	0.000000	0.000000	0	0	0
1474	21	1	1	0.000000	1.000000	1.000000	0.000000	0.000000	0	0	0
