ID	lgth	out	in	long_cov	short1_cov	short1_Ocov	short2_cov	short2_Ocov	long_nb	short1_nb	short2_nb
1	4332	2	2	0.000000	6.638042	6.554709	0.000000	0.000000	0	0	0
2	1806	0	2	0.000000	6.384828	6.384828	0.000000	0.000000	0	0	0
3	465	2	2	0.000000	7.490323	7.490323	0.000000	0.000000	0	0	0
4	607	2	0	0.000000	7.654036	7.110379	0.000000	0.000000	0	0	0
5	13230	1	0	0.000000	6.688284	6.429781	0.000000	0.000000	0	0	0
6	2785	2	2	0.000000	6.909156	6.519210	0.000000	0.000000	0	0	0
7	1831	2	2	0.000000	6.882032	6.882032	0.000000	0.000000	0	0	0
8	1604	2	0	0.000000	6.479426	6.479426	0.000000	0.000000	0	0	0
9	51	1	1	0.000000	10.647059	9.862745	0.000000	0.000000	0	0	0
10	870	0	0	0.000000	6.549425	6.485057	0.000000	0.000000	0	0	0
11	45	2	1	0.000000	24.444444	24.444444	0.000000	0.000000	0	0	0
12	19	2	1	0.000000	16.473684	16.473684	0.000000	0.000000	0	0	0
13	3040	1	1	0.000000	6.816776	6.708882	0.000000	0.000000	0	0	0
14	10984	2	0	0.000000	6.773489	6.595412	0.000000	0.000000	0	0	0
15	3735	0	0	0.000000	6.923427	6.923427	0.000000	0.000000	0	0	0
16	800	2	2	0.000000	7.156250	7.156250	0.000000	0.000000	0	0	0
17	2141	2	0	0.000000	6.365250	5.994395	0.000000	0.000000	0	0	0
18	2203	1	0	0.000000	7.602360	7.502497	0.000000	0.000000	0	0	0
19	516	2	2	0.000000	7.112403	7.112403	0.000000	0.000000	0	0	0
20	1026	0	2	0.000000	6.820663	6.820663	0.000000	0.000000	0	0	0
21	429	1	2	0.000000	6.550117	6.550117	0.000000	0.000000	0	0	0
22	8	2	3	0.000000	59.625000	23.125000	0.000000	0.000000	0	0	0
23	146	1	1	0.000000	9.917808	9.917808	0.000000	0.000000	0	0	0
24	1631	0	2	0.000000	6.277744	6.048437	0.000000	0.000000	0	0	0
25	2948	1	2	0.000000	7.535957	7.535957	0.000000	0.000000	0	0	0
26	975	0	2	0.000000	6.568205	6.487179	0.000000	0.000000	0	0	0
27	2852	2	2	0.000000	7.172511	6.888149	0.000000	0.000000	0	0	0
28	51	1	1	0.000000	7.058824	7.058824	0.000000	0.000000	0	0	0
29	651	0	0	0.000000	7.238095	7.238095	0.000000	0.000000	0	0	0
30	492	2	0	0.000000	6.995935	6.995935	0.000000	0.000000	0	0	0
31	6997	0	2	0.000000	6.657139	6.422896	0.000000	0.000000	0	0	0
32	2141	0	0	0.000000	6.472676	6.284447	0.000000	0.000000	0	0	0
33	1017	0	0	0.000000	6.327434	6.327434	0.000000	0.000000	0	0	0
34	176	2	0	0.000000	7.886364	7.886364	0.000000	0.000000	0	0	0
35	3634	1	0	0.000000	6.930105	6.597964	0.000000	0.000000	0	0	0
36	827	2	2	0.000000	6.608222	6.608222	0.000000	0.000000	0	0	0
37	2051	0	2	0.000000	7.043881	6.972696	0.000000	0.000000	0	0	0
38	1357	2	0	0.000000	6.938099	6.938099	0.000000	0.000000	0	0	0
39	88	1	1	0.000000	3.920455	3.920455	0.000000	0.000000	0	0	0
40	270	1	1	0.000000	7.762963	7.762963	0.000000	0.000000	0	0	0
41	1	3	3	0.000000	23.000000	23.000000	0.000000	0.000000	0	0	0
42	71	1	1	0.000000	6.901408	6.901408	0.000000	0.000000	0	0	0
43	47	2	2	0.000000	18.127660	18.127660	0.000000	0.000000	0	0	0
44	545	2	1	0.000000	7.583486	7.583486	0.000000	0.000000	0	0	0
45	15	1	1	0.000000	10.800000	8.666667	0.000000	0.000000	0	0	0
46	21	2	2	0.000000	14.000000	10.000000	0.000000	0.000000	0	0	0
47	21	1	1	0.000000	12.000000	8.000000	0.000000	0.000000	0	0	0
48	1157	2	2	0.000000	6.536733	6.536733	0.000000	0.000000	0	0	0
49	1483	2	0	0.000000	6.906271	6.734322	0.000000	0.000000	0	0	0
50	386	2	0	0.000000	6.549223	6.549223	0.000000	0.000000	0	0	0
51	4359	2	1	0.000000	7.019729	6.892636	0.000000	0.000000	0	0	0
52	11	1	1	0.000000	8.636364	8.636364	0.000000	0.000000	0	0	0
53	3	1	2	0.000000	15.000000	15.000000	0.000000	0.000000	0	0	0
54	28	1	1	0.000000	15.071429	9.821429	0.000000	0.000000	0	0	0
55	19	2	2	0.000000	22.578947	17.368421	0.000000	0.000000	0	0	0
56	14	1	1	0.000000	5.857143	5.857143	0.000000	0.000000	0	0	0
57	3	1	2	0.000000	13.000000	13.000000	0.000000	0.000000	0	0	0
58	6	2	2	0.000000	19.333333	19.333333	0.000000	0.000000	0	0	0
59	2	2	1	0.000000	14.500000	14.500000	0.000000	0.000000	0	0	0
60	2	2	1	0.000000	11.500000	11.500000	0.000000	0.000000	0	0	0
61	10	1	1	0.000000	7.700000	7.700000	0.000000	0.000000	0	0	0
62	4	1	2	0.000000	23.000000	8.000000	0.000000	0.000000	0	0	0
63	250	1	2	0.000000	5.800000	5.800000	0.000000	0.000000	0	0	0
64	38	2	2	0.000000	13.236842	13.236842	0.000000	0.000000	0	0	0
65	451	0	2	0.000000	6.532151	6.532151	0.000000	0.000000	0	0	0
66	51	1	1	0.000000	7.470588	7.470588	0.000000	0.000000	0	0	0
67	596	1	0	0.000000	6.015101	5.605705	0.000000	0.000000	0	0	0
68	642	1	0	0.000000	6.732087	6.126168	0.000000	0.000000	0	0	0
69	48	1	1	0.000000	9.395833	9.395833	0.000000	0.000000	0	0	0
70	2	1	1	0.000000	46.000000	30.500000	0.000000	0.000000	0	0	0
71	1	2	2	0.000000	51.000000	37.000000	0.000000	0.000000	0	0	0
72	3	2	1	0.000000	41.333333	26.000000	0.000000	0.000000	0	0	0
73	32	1	1	0.000000	28.250000	12.937500	0.000000	0.000000	0	0	0
74	12	1	2	0.000000	33.000000	27.583333	0.000000	0.000000	0	0	0
75	496	0	0	0.000000	6.098790	6.098790	0.000000	0.000000	0	0	0
76	2	2	2	0.000000	22.000000	18.000000	0.000000	0.000000	0	0	0
77	8	1	1	0.000000	13.125000	13.125000	0.000000	0.000000	0	0	0
78	5	2	2	0.000000	18.200000	18.200000	0.000000	0.000000	0	0	0
79	231	2	0	0.000000	7.878788	7.878788	0.000000	0.000000	0	0	0
80	6	2	2	0.000000	21.666667	21.666667	0.000000	0.000000	0	0	0
81	29	1	1	0.000000	9.827586	9.827586	0.000000	0.000000	0	0	0
82	39	1	1	0.000000	6.897436	6.897436	0.000000	0.000000	0	0	0
83	51	1	1	0.000000	9.019608	9.019608	0.000000	0.000000	0	0	0
84	6	1	1	0.000000	12.000000	12.000000	0.000000	0.000000	0	0	0
85	11	2	2	0.000000	36.727273	36.636364	0.000000	0.000000	0	0	0
86	51	1	1	0.000000	3.607843	3.607843	0.000000	0.000000	0	0	0
87	135	0	2	0.000000	4.800000	4.800000	0.000000	0.000000	0	0	0
88	3389	0	1	0.000000	6.743877	6.414577	0.000000	0.000000	0	0	0
89	51	1	1	0.000000	3.294118	3.294118	0.000000	0.000000	0	0	0
90	24	2	2	0.000000	7.083333	7.083333	0.000000	0.000000	0	0	0
91	379	1	0	0.000000	6.680739	6.680739	0.000000	0.000000	0	0	0
92	51	1	1	0.000000	7.686275	7.686275	0.000000	0.000000	0	0	0
93	31	1	1	0.000000	11.516129	11.516129	0.000000	0.000000	0	0	0
94	41	1	1	0.000000	3.317073	3.317073	0.000000	0.000000	0	0	0
95	41	1	1	0.000000	4.975610	4.975610	0.000000	0.000000	0	0	0
96	51	1	1	0.000000	5.745098	5.745098	0.000000	0.000000	0	0	0
97	78	2	2	0.000000	5.294872	5.294872	0.000000	0.000000	0	0	0
98	32	1	2	0.000000	9.250000	9.250000	0.000000	0.000000	0	0	0
99	51	1	1	0.000000	5.529412	5.529412	0.000000	0.000000	0	0	0
100	48	1	1	0.000000	4.041667	4.041667	0.000000	0.000000	0	0	0
101	44	2	2	0.000000	6.204545	6.204545	0.000000	0.000000	0	0	0
102	1	2	2	0.000000	54.000000	54.000000	0.000000	0.000000	0	0	0
103	2	1	1	0.000000	46.500000	42.500000	0.000000	0.000000	0	0	0
104	25	2	1	0.000000	22.920000	21.480000	0.000000	0.000000	0	0	0
105	25	2	1	0.000000	18.520000	18.520000	0.000000	0.000000	0	0	0
106	5	2	2	0.000000	21.800000	21.800000	0.000000	0.000000	0	0	0
107	19	2	2	0.000000	34.000000	25.473684	0.000000	0.000000	0	0	0
108	14	2	1	0.000000	18.285714	18.285714	0.000000	0.000000	0	0	0
109	4	1	1	0.000000	4.000000	4.000000	0.000000	0.000000	0	0	0
110	51	1	1	0.000000	5.882353	5.882353	0.000000	0.000000	0	0	0
111	51	1	1	0.000000	9.274510	9.274510	0.000000	0.000000	0	0	0
112	1	1	2	0.000000	16.000000	16.000000	0.000000	0.000000	0	0	0
113	51	1	1	0.000000	1.058824	1.058824	0.000000	0.000000	0	0	0
114	44	1	2	0.000000	12.159091	12.159091	0.000000	0.000000	0	0	0
115	85	1	1	0.000000	6.105882	6.105882	0.000000	0.000000	0	0	0
116	51	1	1	0.000000	1.764706	1.764706	0.000000	0.000000	0	0	0
117	4	2	1	0.000000	19.750000	19.750000	0.000000	0.000000	0	0	0
118	10	2	1	0.000000	14.900000	14.900000	0.000000	0.000000	0	0	0
119	51	1	1	0.000000	3.450980	3.450980	0.000000	0.000000	0	0	0
120	51	1	1	0.000000	9.901961	9.901961	0.000000	0.000000	0	0	0
121	10	1	1	0.000000	17.300000	11.500000	0.000000	0.000000	0	0	0
122	3	2	1	0.000000	11.000000	11.000000	0.000000	0.000000	0	0	0
123	1	1	1	0.000000	5.000000	5.000000	0.000000	0.000000	0	0	0
124	178	1	0	0.000000	6.814607	6.814607	0.000000	0.000000	0	0	0
125	44	1	1	0.000000	2.886364	2.886364	0.000000	0.000000	0	0	0
126	31	1	1	0.000000	4.322581	4.322581	0.000000	0.000000	0	0	0
127	52	1	2	0.000000	8.269231	8.269231	0.000000	0.000000	0	0	0
128	40	2	1	0.000000	11.375000	11.375000	0.000000	0.000000	0	0	0
129	3	1	1	0.000000	9.000000	9.000000	0.000000	0.000000	0	0	0
130	77	1	1	0.000000	8.168831	5.311688	0.000000	0.000000	0	0	0
131	11	2	2	0.000000	11.636364	11.636364	0.000000	0.000000	0	0	0
132	99	2	1	0.000000	3.202020	3.202020	0.000000	0.000000	0	0	0
133	88	1	1	0.000000	5.318182	4.897727	0.000000	0.000000	0	0	0
134	16	1	2	0.000000	56.750000	47.437500	0.000000	0.000000	0	0	0
135	2	2	2	0.000000	63.000000	47.000000	0.000000	0.000000	0	0	0
136	1	2	1	0.000000	50.000000	36.000000	0.000000	0.000000	0	0	0
137	6	2	3	0.000000	46.500000	12.833333	0.000000	0.000000	0	0	0
138	31	1	1	0.000000	2.774194	2.774194	0.000000	0.000000	0	0	0
139	3	1	1	0.000000	46.333333	22.333333	0.000000	0.000000	0	0	0
140	71	1	1	0.000000	6.943662	6.943662	0.000000	0.000000	0	0	0
141	10	1	1	0.000000	5.600000	5.600000	0.000000	0.000000	0	0	0
142	79	1	1	0.000000	7.025316	7.025316	0.000000	0.000000	0	0	0
143	51	1	1	0.000000	8.490196	8.490196	0.000000	0.000000	0	0	0
144	73	1	1	0.000000	3.630137	3.630137	0.000000	0.000000	0	0	0
145	34	1	1	0.000000	4.352941	4.352941	0.000000	0.000000	0	0	0
146	51	1	1	0.000000	6.019608	6.019608	0.000000	0.000000	0	0	0
147	8	2	2	0.000000	13.875000	13.875000	0.000000	0.000000	0	0	0
148	21	1	1	0.000000	7.619048	7.619048	0.000000	0.000000	0	0	0
149	51	1	1	0.000000	3.529412	3.529412	0.000000	0.000000	0	0	0
150	51	1	1	0.000000	1.058824	1.058824	0.000000	0.000000	0	0	0
151	4	4	1	0.000000	30.500000	9.500000	0.000000	0.000000	0	0	0
152	3	1	1	0.000000	7.000000	7.000000	0.000000	0.000000	0	0	0
153	14	1	1	0.000000	3.642857	3.642857	0.000000	0.000000	0	0	0
154	31	1	1	0.000000	2.483871	2.483871	0.000000	0.000000	0	0	0
155	1	2	2	0.000000	18.000000	18.000000	0.000000	0.000000	0	0	0
156	31	1	1	0.000000	9.064516	9.064516	0.000000	0.000000	0	0	0
157	27	1	1	0.000000	5.074074	5.074074	0.000000	0.000000	0	0	0
158	28	1	1	0.000000	3.892857	3.892857	0.000000	0.000000	0	0	0
159	51	1	1	0.000000	1.098039	1.098039	0.000000	0.000000	0	0	0
160	31	1	1	0.000000	4.645161	4.645161	0.000000	0.000000	0	0	0
161	27	1	1	0.000000	5.370370	5.370370	0.000000	0.000000	0	0	0
162	79	1	1	0.000000	1.177215	1.177215	0.000000	0.000000	0	0	0
163	51	1	1	0.000000	1.294118	1.294118	0.000000	0.000000	0	0	0
164	4	1	1	0.000000	10.250000	8.750000	0.000000	0.000000	0	0	0
165	4	2	1	0.000000	7.000000	7.000000	0.000000	0.000000	0	0	0
166	51	1	1	0.000000	1.235294	1.235294	0.000000	0.000000	0	0	0
167	5	2	1	0.000000	8.400000	8.400000	0.000000	0.000000	0	0	0
168	47	1	1	0.000000	2.297872	2.297872	0.000000	0.000000	0	0	0
169	88	1	1	0.000000	7.363636	7.363636	0.000000	0.000000	0	0	0
170	51	1	1	0.000000	4.313725	4.313725	0.000000	0.000000	0	0	0
171	35	1	1	0.000000	2.314286	2.314286	0.000000	0.000000	0	0	0
172	51	1	1	0.000000	2.431373	2.431373	0.000000	0.000000	0	0	0
173	65	1	1	0.000000	2.953846	2.953846	0.000000	0.000000	0	0	0
174	9	1	1	0.000000	5.444444	5.444444	0.000000	0.000000	0	0	0
175	24	1	1	0.000000	6.416667	6.416667	0.000000	0.000000	0	0	0
176	3	4	1	0.000000	48.666667	11.666667	0.000000	0.000000	0	0	0
177	10	1	4	0.000000	29.600000	10.600000	0.000000	0.000000	0	0	0
178	51	1	1	0.000000	6.117647	6.117647	0.000000	0.000000	0	0	0
179	35	1	1	0.000000	5.485714	5.485714	0.000000	0.000000	0	0	0
180	40	1	1	0.000000	2.075000	2.075000	0.000000	0.000000	0	0	0
181	29	1	1	0.000000	3.551724	3.551724	0.000000	0.000000	0	0	0
182	1	1	1	0.000000	6.000000	6.000000	0.000000	0.000000	0	0	0
183	51	1	1	0.000000	3.588235	3.588235	0.000000	0.000000	0	0	0
184	40	1	1	0.000000	2.875000	2.875000	0.000000	0.000000	0	0	0
185	43	1	1	0.000000	3.325581	3.325581	0.000000	0.000000	0	0	0
186	51	1	1	0.000000	3.196078	3.196078	0.000000	0.000000	0	0	0
187	51	1	1	0.000000	1.705882	1.705882	0.000000	0.000000	0	0	0
188	4	1	2	0.000000	15.750000	8.000000	0.000000	0.000000	0	0	0
189	51	1	1	0.000000	2.470588	2.470588	0.000000	0.000000	0	0	0
190	73	1	1	0.000000	2.369863	2.369863	0.000000	0.000000	0	0	0
191	51	1	1	0.000000	1.333333	1.333333	0.000000	0.000000	0	0	0
192	10	1	1	0.000000	4.900000	4.900000	0.000000	0.000000	0	0	0
193	51	1	1	0.000000	1.235294	1.235294	0.000000	0.000000	0	0	0
194	9	1	1	0.000000	1.000000	1.000000	0.000000	0.000000	0	0	0
